1000 7
-77.79 0.24 -55.96 18.91 112.21 -35.56 11.04 
-105.82 0.41 -56.91 -19.31 96.23 -4.59 12.07 
-78.10 0.21 -54.88 15.28 108.43 -32.41 11.30 
-195.77 0.97 -137.34 37.31 270.89 -79.52 27.15 
-284.50 0.66 -131.03 -101.57 194.93 39.54 25.60 
-261.64 0.36 -119.99 -94.01 178.10 36.72 23.65 
-117.78 0.23 -102.18 66.49 220.51 -92.26 20.12 
-180.02 0.37 -78.18 -75.19 109.62 35.10 15.46 
-216.83 0.36 -138.51 11.84 262.67 -58.14 27.19 
-156.32 0.34 -116.64 46.23 238.27 -79.75 23.42 
-147.54 0.39 -115.69 58.05 242.98 -89.35 23.44 
-223.89 0.80 -95.83 -97.50 131.00 48.25 18.77 
-232.48 0.45 -91.77 -117.91 114.28 66.38 18.52 
-198.15 0.56 -140.55 43.49 280.58 -85.51 27.46 
-244.11 0.23 -107.72 -97.81 153.61 43.88 21.88 
-275.43 0.46 -151.35 -40.41 262.04 -18.76 30.14 
-114.47 0.02 -70.64 1.01 130.56 -25.45 14.51 
-272.95 0.09 -127.38 -93.74 192.70 33.97 25.66 
-264.81 0.70 -137.78 -56.87 229.79 -1.37 27.85 
-78.01 0.11 -55.95 16.39 110.56 -33.43 11.12 
-253.50 0.47 -148.21 -16.31 267.51 -38.51 29.88 
-215.63 0.47 -145.94 30.83 286.48 -77.07 29.15 
-292.63 0.86 -138.03 -94.84 212.45 31.41 27.74 
-246.32 0.13 -99.25 -120.07 127.38 65.87 20.21 
-180.19 0.86 -124.43 31.66 245.13 -70.22 25.19 
-120.44 0.40 -66.04 -20.39 112.20 -7.10 13.23 
-223.19 0.33 -144.58 16.80 275.81 -63.89 28.53 
-174.03 0.57 -121.88 33.24 242.07 -71.14 23.95 
-262.14 0.60 -110.68 -115.29 151.12 57.77 22.48 
-273.43 0.05 -147.17 -47.81 250.23 -11.76 29.11 
-279.48 0.58 -130.37 -95.84 196.56 34.42 26.29 
-119.71 0.48 -50.70 -51.83 70.33 25.53 10.50 
-99.64 0.97 -79.50 39.98 165.18 -61.82 16.36 
-146.46 0.67 -67.35 -52.74 99.85 19.71 13.87 
-173.14 0.97 -74.16 -74.98 102.03 36.07 15.28 
-97.59 0.33 -77.85 39.33 161.93 -59.97 15.43 
-175.44 0.41 -126.57 42.15 255.05 -79.46 24.72 
-166.23 0.82 -66.19 -82.38 83.69 45.50 13.06 
-260.07 0.72 -148.11 -26.89 262.99 -29.88 29.65 
-281.29 0.14 -151.87 -49.54 257.84 -12.01 30.51 
-177.32 0.86 -126.11 37.84 251.62 -76.37 25.08 
-179.36 0.76 -129.73 43.15 260.04 -81.58 25.69 
-86.12 0.84 -68.84 36.79 144.56 -55.44 13.76 
-120.76 0.86 -63.37 -25.25 105.73 -1.78 13.23 
-146.46 0.60 -111.15 46.75 227.54 -77.78 22.04 
-106.78 0.58 -85.94 45.70 179.78 -67.95 17.12 
-88.41 0.93 -68.40 32.53 141.73 -51.39 13.86 
-140.33 0.63 -64.61 -51.02 94.68 20.34 13.07 
-92.94 0.04 -70.31 28.64 143.04 -49.46 14.19 
-245.83 0.17 -102.25 -112.29 136.22 58.97 20.10 
-126.31 0.30 -105.89 63.97 226.55 -91.58 21.63 
-116.92 0.72 -91.12 44.31 189.41 -69.13 18.70 
-133.42 0.01 -57.78 -56.30 80.16 26.43 11.75 
-240.98 1.00 -143.42 -11.64 260.58 -40.21 28.76 
-217.04 0.48 -88.16 -103.98 114.85 56.05 17.29 
-180.08 0.87 -76.03 -79.69 103.74 39.49 15.44 
-297.69 0.55 -151.66 -71.27 249.27 6.30 30.03 
-117.12 0.46 -59.32 -30.63 94.02 4.76 11.73 
-240.91 0.67 -151.88 7.77 285.81 -60.02 30.12 
-267.93 0.40 -120.97 -100.57 177.69 40.94 23.78 
-292.79 0.21 -154.95 -57.01 261.30 -6.56 31.16 
-135.93 0.22 -61.90 -51.77 89.22 21.81 12.60 
-269.67 0.89 -145.88 -44.80 249.67 -13.22 29.29 
-285.36 0.17 -145.75 -69.50 237.22 6.80 28.82 
-190.09 0.82 -136.58 43.41 273.01 -84.42 26.92 
-290.49 0.27 -132.40 -105.90 196.34 42.38 26.46 
-147.82 0.46 -61.46 -67.69 81.91 35.22 12.48 
-266.67 0.73 -129.39 -78.24 204.19 19.79 25.78 
-231.21 0.21 -146.52 9.27 277.07 -59.25 29.47 
-104.18 0.56 -73.19 19.67 143.70 -42.04 15.11 
-243.03 0.46 -99.21 -116.25 129.18 61.70 19.74 
-176.11 0.46 -66.62 -95.69 79.00 56.60 13.44 
-225.16 0.31 -143.94 12.93 272.67 -61.36 28.50 
-286.91 0.28 -145.12 -71.66 236.50 8.19 29.14 
-141.89 0.21 -67.23 -46.94 102.04 15.08 13.90 
-93.97 0.81 -62.81 9.22 119.05 -30.29 12.29 
-113.64 0.08 -66.62 -9.60 117.10 -15.26 13.27 
-185.58 0.16 -131.70 40.46 263.10 -79.52 26.04 
-237.46 0.13 -100.82 -104.01 137.24 51.77 20.26 
-132.05 0.14 -108.03 59.95 227.71 -88.22 21.26 
-114.58 0.24 -81.85 24.65 163.07 -49.60 16.17 
-109.23 0.68 -72.33 10.67 137.70 -34.57 14.36 
-124.54 0.81 -101.79 57.83 215.73 -83.80 20.85 
-152.74 0.43 -115.53 49.39 237.74 -82.31 23.49 
-91.54 0.71 -64.85 18.95 128.68 -38.23 12.84 
-257.12 0.78 -155.01 -7.04 284.73 -48.02 30.74 
-282.73 0.84 -143.37 -71.22 231.51 9.52 28.90 
-120.97 0.21 -52.93 -48.95 75.39 22.62 11.04 
-132.10 0.80 -59.62 -50.82 85.35 21.93 12.54 
-199.86 0.60 -140.58 39.96 280.58 -82.78 28.19 
-123.17 0.05 -55.68 -47.25 80.78 19.15 11.33 
-125.46 0.53 -94.00 38.08 192.13 -65.61 18.64 
-108.28 0.41 -61.36 -13.98 105.89 -10.24 12.10 
-271.52 0.33 -156.78 -23.20 280.54 -35.32 30.58 
-238.76 0.14 -101.15 -103.82 139.42 51.18 20.72 
-177.80 0.06 -75.72 -78.49 102.54 38.91 14.78 
-276.60 0.04 -147.72 -52.28 250.03 -8.65 29.67 
-181.68 0.63 -74.75 -85.45 97.41 46.11 14.79 
-114.87 0.95 -55.74 -34.82 85.76 9.70 11.87 
-112.44 0.65 -88.74 45.35 186.49 -69.59 18.22 
-106.80 0.45 -64.94 -2.13 118.41 -20.53 12.77 
-134.25 0.52 -104.03 49.04 215.55 -77.58 20.42 
-138.43 0.94 -106.62 49.36 220.55 -78.15 20.80 
-259.79 0.79 -156.09 -7.85 286.55 -48.20 30.48 
-170.86 0.73 -129.55 56.41 266.41 -92.37 26.00 
-204.53 0.20 -81.21 -103.15 101.81 57.19 16.03 
-118.65 0.26 -65.87 -17.15 113.84 -8.53 13.79 
-279.15 0.97 -124.74 -108.86 179.51 47.65 24.50 
-274.78 0.83 -121.06 -109.06 174.39 48.64 24.44 
-162.37 0.38 -63.06 -84.86 76.64 49.31 12.43 
-183.87 0.20 -128.69 33.91 253.28 -73.68 25.25 
-198.67 0.70 -84.65 -85.46 116.99 42.20 16.57 
-194.37 0.84 -135.61 35.51 267.21 -76.88 27.14 
-181.77 0.02 -124.28 29.40 245.26 -68.06 24.85 
-96.49 0.19 -82.39 51.71 176.76 -72.38 17.02 
-211.22 0.92 -82.56 -109.94 100.41 63.03 17.00 
-225.09 0.95 -93.79 -103.39 124.27 54.24 18.55 
-90.36 0.86 -80.53 57.30 175.70 -75.92 16.64 
-214.56 0.54 -91.02 -94.69 123.65 46.77 18.72 
-262.72 0.36 -157.08 -10.15 287.53 -47.12 31.08 
-141.65 0.51 -108.87 50.38 225.11 -80.45 21.50 
-271.49 0.22 -116.56 -114.33 163.51 54.43 23.19 
-87.13 0.80 -57.52 9.11 110.46 -27.36 12.20 
-85.98 0.72 -78.06 55.82 169.40 -73.55 15.27 
-76.15 0.96 -58.21 24.31 119.04 -40.92 11.63 
-197.12 0.06 -129.70 19.11 249.86 -61.41 25.96 
-162.54 0.40 -72.77 -63.63 104.09 27.23 14.78 
-178.35 0.54 -128.49 41.22 257.18 -79.60 25.30 
-231.46 0.53 -139.52 -6.66 255.47 -42.97 27.53 
-186.11 0.66 -73.59 -95.15 90.91 54.20 14.95 
-140.47 0.84 -60.59 -59.60 83.90 28.90 12.27 
-111.94 0.93 -54.94 -33.81 84.83 8.28 11.52 
-280.76 0.10 -135.49 -84.26 211.85 22.88 26.77 
-121.28 0.28 -93.69 42.18 192.78 -67.78 19.21 
-149.28 0.11 -119.54 62.42 250.31 -93.83 23.66 
-185.76 0.25 -133.17 43.15 266.71 -82.73 26.01 
-227.48 0.95 -99.73 -92.77 142.09 42.68 19.93 
-208.71 0.67 -134.43 13.63 255.39 -58.14 26.93 
-231.03 0.70 -93.62 -111.02 120.97 59.77 18.95 
-270.78 0.69 -127.15 -89.53 194.97 30.47 25.25 
-97.96 0.51 -69.94 21.19 138.32 -42.23 14.15 
-238.04 0.43 -150.58 8.62 284.19 -60.23 29.61 
-277.86 0.29 -139.34 -73.65 223.63 12.51 27.71 
-289.16 0.51 -156.96 -46.79 269.13 -15.63 31.13 
-264.59 0.96 -113.10 -114.58 155.74 56.21 22.31 
-154.00 0.26 -117.14 50.20 240.09 -83.14 23.04 
-263.70 0.38 -143.36 -43.00 246.03 -14.53 28.66 
-201.06 0.48 -135.09 26.23 263.78 -69.24 26.71 
-89.95 0.89 -75.79 45.22 160.32 -64.29 15.16 
-105.64 0.27 -94.49 65.95 205.31 -88.29 19.19 
-178.87 0.12 -76.96 -75.64 106.61 36.42 15.12 
-179.85 0.93 -123.68 30.16 244.49 -69.13 24.71 
-104.52 0.51 -53.72 -26.37 85.49 3.12 10.95 
-155.19 0.90 -121.12 56.98 251.51 -90.66 23.73 
-244.15 0.59 -109.22 -95.38 157.55 41.16 21.39 
-193.76 0.75 -137.43 41.31 274.00 -82.99 27.50 
-206.31 0.27 -141.98 32.77 277.89 -76.74 27.90 
-219.78 0.50 -87.73 -110.13 110.05 60.91 17.85 
-275.05 0.29 -143.85 -57.29 239.86 -2.49 28.84 
-201.08 0.09 -136.07 27.40 264.52 -70.13 27.03 
-275.92 0.68 -131.98 -87.39 203.19 26.99 26.55 
-100.76 0.54 -87.50 58.22 188.99 -79.67 17.63 
-182.81 0.80 -127.74 34.18 252.01 -73.35 25.58 
-226.37 0.23 -142.30 5.69 266.55 -54.46 28.21 
-78.82 0.65 -65.88 38.20 139.48 -56.05 13.29 
-259.64 0.60 -156.35 -7.29 287.26 -49.21 30.54 
-140.56 0.83 -54.88 -72.51 68.03 41.27 10.87 
-127.74 0.20 -105.55 61.26 224.92 -88.81 20.63 
-245.85 0.91 -142.14 -20.66 254.33 -33.17 28.14 
-267.87 0.01 -133.41 -71.80 214.11 13.81 26.78 
-104.11 0.55 -85.00 46.35 179.23 -68.97 17.25 
-80.62 0.97 -61.85 27.01 126.95 -44.41 12.33 
-86.68 0.31 -75.86 50.05 163.10 -68.26 15.55 
-150.61 0.98 -62.34 -71.21 80.37 37.75 12.72 
-290.49 0.61 -129.17 -112.40 186.60 48.86 25.30 
-241.56 0.17 -105.67 -97.26 150.98 44.69 21.42 
-104.99 0.66 -73.61 19.57 145.13 -42.16 15.36 
-208.15 0.89 -136.51 19.81 263.48 -64.51 26.63 
-256.22 0.28 -114.56 -98.38 166.16 42.50 23.01 
-275.05 0.83 -132.65 -83.13 207.64 23.47 26.31 
-247.62 0.72 -110.82 -95.89 160.87 40.79 21.98 
-250.09 0.16 -147.46 -15.81 266.16 -38.57 28.99 
-264.73 0.98 -137.27 -58.43 227.48 0.37 27.55 
-119.96 0.42 -96.22 51.85 203.47 -77.67 19.40 
-282.96 0.17 -157.80 -36.09 277.13 -25.89 31.72 
-277.79 0.19 -146.15 -55.76 245.37 -3.97 29.02 
-124.02 0.82 -100.52 55.64 212.77 -81.74 20.45 
-285.55 0.74 -135.02 -92.36 206.89 30.64 26.95 
-183.15 0.40 -133.79 49.30 272.71 -88.41 26.71 
-275.36 0.02 -120.52 -111.08 171.63 51.13 24.10 
-295.30 0.97 -149.38 -72.82 242.93 8.68 30.09 
-215.50 0.52 -89.54 -99.72 119.46 51.32 18.35 
-225.03 0.82 -149.21 23.18 286.95 -71.07 29.31 
-204.37 0.03 -85.93 -91.43 116.70 46.55 16.87 
-138.50 0.29 -61.76 -54.38 88.91 23.21 12.06 
-204.69 0.95 -140.60 32.35 275.51 -76.69 27.67 
-101.05 0.77 -72.73 22.48 143.84 -44.75 14.85 
-233.79 0.20 -92.23 -118.99 114.58 66.85 18.76 
-242.21 0.30 -97.70 -119.52 123.43 66.07 19.17 
-207.81 0.34 -87.79 -91.85 119.16 46.41 18.00 
-272.33 0.98 -131.76 -81.15 206.97 21.19 25.84 
-265.44 0.22 -138.12 -56.82 229.40 -0.69 27.22 
-295.62 0.63 -150.82 -71.65 246.57 6.39 29.93 
-113.15 0.92 -87.52 41.29 182.30 -65.32 17.96 
-211.49 0.36 -138.29 19.38 266.04 -65.01 27.32 
-158.21 0.12 -68.46 -66.93 94.30 31.60 13.57 
-258.76 0.36 -119.72 -91.17 179.82 34.37 24.13 
-117.34 0.07 -58.62 -32.97 92.92 6.68 11.69 
-271.12 0.19 -141.39 -57.13 236.85 -1.67 28.53 
-126.29 0.28 -57.41 -46.55 84.44 18.36 11.88 
-252.10 0.09 -112.03 -97.88 162.83 42.09 22.72 
-100.61 0.39 -79.57 40.63 167.31 -61.93 16.18 
-201.89 0.11 -141.59 39.70 281.53 -83.03 28.28 
-206.33 0.88 -136.99 22.37 263.45 -66.85 26.75 
-260.43 0.03 -157.40 -7.18 288.38 -49.38 31.36 
-267.28 0.92 -134.78 -67.19 217.83 9.06 26.30 
-282.45 0.51 -132.92 -92.58 203.41 31.36 26.23 
-194.47 0.94 -134.73 35.23 266.75 -77.04 26.64 
-81.42 0.44 -70.66 47.67 152.85 -64.88 14.76 
-296.30 0.09 -153.58 -65.05 255.25 0.98 30.26 
-231.40 0.60 -145.23 7.08 273.58 -57.49 28.41 
-255.15 0.81 -106.04 -117.35 141.80 60.60 21.18 
-295.79 0.38 -134.64 -107.35 199.52 43.21 26.46 
-120.93 0.25 -100.06 59.22 214.01 -84.52 20.12 
-184.10 0.64 -134.96 49.37 273.72 -88.68 26.60 
-292.92 0.82 -132.56 -108.71 194.45 44.55 26.00 
-112.95 0.74 -90.75 48.08 189.87 -71.48 18.46 
-266.00 0.41 -114.63 -112.08 160.71 53.02 22.74 
-203.18 0.74 -85.79 -90.63 115.76 46.16 16.88 
-215.81 0.77 -141.05 17.40 268.59 -63.54 27.82 
-88.51 0.27 -52.84 -4.28 94.59 -14.88 10.92 
-250.53 0.52 -150.40 -9.24 274.88 -44.95 29.34 
-167.51 0.12 -71.14 -74.60 96.80 37.45 14.27 
-265.65 0.03 -140.67 -51.19 237.65 -6.40 28.34 
-141.51 0.70 -106.06 42.85 217.31 -73.04 21.24 
-269.11 0.53 -136.95 -66.86 221.63 8.76 27.13 
-185.28 0.15 -77.26 -83.56 104.32 43.00 15.80 
-139.42 0.36 -62.33 -54.00 89.43 22.88 12.94 
-225.16 0.57 -97.84 -93.01 137.29 43.68 19.48 
-286.74 0.63 -155.21 -48.61 265.45 -14.25 30.68 
-279.81 0.97 -139.01 -76.31 222.54 14.71 27.38 
-145.11 0.71 -61.64 -65.01 82.40 32.21 12.70 
-262.47 0.27 -152.62 -20.64 273.50 -35.93 30.25 
-151.34 0.01 -110.90 38.99 222.60 -71.47 22.59 
-130.46 0.75 -96.80 36.99 196.94 -65.20 19.01 
-252.14 0.41 -144.06 -25.86 254.68 -28.34 28.78 
-269.44 0.26 -158.76 -15.84 287.12 -42.27 31.35 
-178.18 0.16 -76.47 -76.65 105.40 36.57 15.76 
-234.37 0.85 -144.61 2.00 270.43 -52.92 29.12 
-215.67 0.27 -145.86 29.16 283.66 -74.96 28.49 
-266.32 0.74 -152.07 -28.26 268.73 -29.60 29.68 
-154.39 0.71 -70.74 -57.00 103.01 22.47 14.47 
-153.44 0.20 -59.84 -80.74 72.20 45.83 12.21 
-126.88 0.83 -60.79 -41.02 91.84 12.65 11.90 
-221.68 0.80 -94.36 -96.52 130.04 46.92 19.22 
-145.63 0.47 -64.70 -58.96 91.27 26.46 12.84 
-212.45 0.70 -85.36 -105.53 108.70 58.22 17.13 
-246.05 0.10 -141.93 -23.17 251.86 -30.32 27.76 
-275.04 0.66 -152.25 -37.46 265.45 -22.40 30.63 
-172.86 0.99 -126.86 45.41 256.20 -82.12 25.05 
-212.76 0.04 -89.12 -95.11 120.24 48.37 18.39 
-97.47 0.27 -65.85 11.87 126.17 -32.66 13.27 
-137.72 0.19 -103.32 41.46 211.05 -71.71 20.33 
-254.22 0.12 -141.30 -35.13 245.58 -19.72 27.91 
-277.66 0.22 -150.88 -46.28 257.95 -14.02 30.30 
-101.55 0.33 -60.97 -3.65 110.32 -18.71 12.20 
-278.38 0.19 -121.66 -114.83 171.43 53.42 23.74 
-171.81 0.57 -72.92 -74.81 100.56 37.20 15.06 
-199.77 0.05 -81.48 -96.19 105.21 52.18 16.05 
-256.53 0.79 -107.66 -114.07 147.18 57.11 21.87 
-113.99 0.35 -82.14 25.64 163.42 -50.05 16.10 
-103.70 0.10 -78.09 32.54 159.12 -54.87 16.10 
-288.82 0.86 -148.62 -67.09 244.36 3.36 29.06 
-190.39 0.13 -79.90 -86.97 106.26 44.57 16.25 
-153.87 0.05 -114.23 45.17 233.42 -77.88 22.51 
-183.73 0.28 -130.74 39.56 261.55 -79.05 25.98 
-223.26 0.36 -92.22 -103.30 122.75 53.87 18.94 
-117.85 0.85 -99.91 63.57 215.50 -88.91 20.22 
-256.42 0.19 -105.46 -120.79 139.15 63.38 21.41 
-287.91 0.70 -155.27 -51.33 263.00 -10.96 30.48 
-99.31 0.35 -74.39 30.44 151.96 -52.13 14.90 
-183.19 0.70 -78.03 -81.42 104.74 41.45 15.57 
-237.91 0.86 -148.18 5.20 278.58 -56.94 29.05 
-174.35 0.57 -71.26 -82.64 93.78 43.98 14.68 
-279.46 0.39 -131.20 -93.71 199.77 32.74 25.95 
-205.07 0.72 -81.54 -103.78 100.93 58.15 16.78 
-265.33 0.89 -110.51 -122.29 146.21 63.85 22.46 
-83.09 0.56 -64.53 30.76 133.90 -49.11 12.65 
-256.11 0.00 -143.33 -33.16 250.08 -22.03 28.80 
-128.89 0.15 -52.97 -59.79 70.17 31.90 11.08 
-236.37 0.11 -96.39 -113.08 124.33 61.20 18.84 
-187.91 0.67 -78.24 -87.39 102.48 45.84 15.83 
-91.19 0.83 -56.00 -1.94 102.05 -18.56 11.15 
-158.86 0.76 -66.07 -73.52 87.68 37.62 13.14 
-134.50 0.25 -59.15 -54.88 83.01 24.89 11.70 
-91.65 0.41 -67.70 24.07 135.12 -44.35 14.01 
-228.03 0.73 -98.07 -96.92 136.23 46.43 19.85 
-101.06 0.15 -74.24 27.00 148.82 -48.77 14.80 
-97.20 0.22 -65.28 11.63 125.60 -32.16 12.98 
-247.70 0.01 -111.28 -93.51 163.31 38.39 21.95 
-93.97 0.81 -55.35 -7.58 97.69 -13.35 11.15 
-187.10 0.95 -77.39 -86.69 101.79 45.99 15.97 
-241.28 0.63 -101.04 -107.78 137.25 54.83 20.28 
-79.03 0.40 -55.05 13.14 107.72 -30.75 11.25 
-295.03 0.07 -152.41 -68.10 250.00 4.30 30.06 
-272.71 0.27 -142.36 -57.81 237.37 -1.69 28.35 
-258.68 0.16 -113.80 -103.20 162.51 47.25 22.55 
-142.09 0.49 -110.26 53.15 230.66 -83.13 21.85 
-269.02 0.74 -132.49 -74.31 212.25 15.30 26.28 
-161.63 0.77 -63.59 -83.89 77.35 48.07 13.10 
-181.14 0.60 -126.67 34.47 251.18 -73.83 25.43 
-230.45 0.41 -139.97 -3.78 258.92 -46.37 28.21 
-105.63 0.15 -53.92 -27.08 86.85 3.56 10.97 
-93.70 0.50 -64.76 14.03 125.65 -34.37 12.88 
-265.70 0.20 -132.73 -71.03 211.76 12.94 26.11 
-199.83 0.97 -136.82 30.35 268.30 -74.00 27.32 
-291.76 0.08 -137.33 -95.17 210.63 31.37 27.46 
-161.07 0.37 -72.33 -62.62 103.07 26.74 14.76 
-129.53 0.18 -56.61 -52.83 80.02 24.66 11.87 
-162.94 0.86 -69.70 -69.95 96.04 33.59 13.77 
-116.75 0.99 -92.66 46.92 193.87 -72.42 18.50 
-125.45 0.10 -65.42 -27.44 108.37 -0.38 13.05 
-173.73 0.47 -70.25 -84.53 89.79 46.54 14.42 
-257.63 0.28 -104.64 -122.73 137.09 66.29 20.42 
-140.55 0.01 -106.66 45.43 218.66 -75.09 21.82 
-203.85 0.64 -86.92 -88.08 120.34 43.17 17.18 
-260.36 0.04 -155.34 -10.27 284.15 -45.45 30.96 
-297.30 0.34 -153.83 -65.37 255.78 0.20 30.58 
-94.82 0.61 -69.30 24.00 138.90 -44.79 14.23 
-294.08 0.61 -134.86 -104.33 202.40 40.39 26.96 
-137.18 0.10 -55.65 -67.60 69.56 37.49 11.23 
-137.29 0.32 -110.47 58.44 231.97 -87.66 22.25 
-266.72 0.42 -155.88 -17.98 280.90 -39.74 30.49 
-267.50 0.61 -141.18 -53.86 237.14 -4.32 28.09 
-196.02 0.59 -138.32 40.87 275.51 -82.42 27.14 
-171.56 0.18 -123.47 40.80 248.50 -78.01 24.77 
-181.35 0.14 -126.41 33.57 250.15 -72.59 25.23 
-258.06 0.12 -110.63 -109.62 153.68 53.39 21.69 
-263.99 0.56 -109.88 -119.24 147.30 61.53 21.95 
-222.97 0.62 -91.88 -103.99 122.07 54.72 18.00 
-164.21 0.26 -116.17 34.90 231.88 -69.39 23.60 
-269.11 0.62 -144.59 -47.74 246.76 -11.25 28.29 
-154.06 0.20 -66.79 -64.06 93.75 30.45 13.91 
-283.85 0.72 -129.28 -102.62 192.90 40.62 25.29 
-290.60 0.43 -130.20 -112.49 188.66 47.69 25.94 
-255.04 0.90 -150.52 -15.01 272.22 -40.66 30.19 
-219.90 0.17 -92.80 -97.73 125.25 49.93 18.67 
-251.62 0.64 -152.16 -5.16 279.54 -48.80 29.86 
-185.52 0.27 -79.00 -81.76 107.37 41.10 15.92 
-111.09 0.86 -73.87 13.24 142.98 -36.68 15.28 
-275.15 0.24 -122.30 -107.51 176.65 46.65 24.55 
-247.27 0.34 -105.93 -104.64 148.56 50.40 21.40 
-254.64 0.76 -148.37 -17.97 268.32 -36.85 29.47 
-187.04 0.98 -125.93 25.76 246.45 -65.25 25.47 
-253.59 0.81 -149.07 -15.06 269.61 -39.25 29.93 
-98.77 0.39 -79.95 44.42 169.64 -65.96 16.41 
-80.17 0.34 -52.16 6.92 100.30 -25.07 10.92 
-264.36 0.43 -137.73 -57.47 227.62 0.07 26.87 
-266.58 0.20 -150.28 -30.92 264.93 -27.36 29.73 
-278.05 0.51 -130.51 -94.54 196.64 33.47 25.69 
-287.48 0.62 -138.03 -88.19 214.85 25.89 26.95 
-191.58 0.77 -72.76 -102.66 86.65 60.02 14.36 
-253.06 0.44 -108.38 -108.03 149.65 52.77 21.81 
-283.77 0.72 -147.56 -61.38 245.14 -0.72 29.30 
-98.13 0.23 -60.50 -0.59 111.27 -20.80 12.45 
-254.44 0.52 -154.38 -5.97 283.18 -48.66 30.12 
-294.39 0.16 -136.28 -103.78 203.19 39.12 27.21 
-108.44 0.92 -83.50 36.78 171.75 -60.13 16.98 
-144.70 0.09 -114.12 57.28 237.86 -88.02 22.86 
-104.50 0.18 -87.32 51.69 184.61 -73.76 17.09 
-100.92 0.64 -74.53 28.85 151.64 -49.82 14.65 
-288.82 0.97 -153.46 -56.47 258.63 -6.67 30.07 
-121.86 0.62 -100.01 57.73 213.05 -83.73 20.08 
-246.85 0.65 -148.08 -7.45 272.13 -45.11 29.55 
-259.68 0.80 -112.02 -110.13 155.73 52.61 22.23 
-103.23 0.22 -49.29 -33.19 75.57 10.59 9.96 
-119.46 0.93 -97.70 55.77 207.74 -80.72 19.10 
-122.98 0.57 -99.84 55.84 212.35 -81.70 20.49 
-279.09 0.55 -137.22 -77.81 218.76 17.25 27.38 
-246.35 0.03 -152.45 1.81 283.56 -54.94 30.12 
-294.10 0.93 -136.73 -101.27 207.03 36.11 27.60 
-144.73 0.61 -64.48 -56.95 92.17 24.66 13.16 
-174.99 0.85 -124.10 37.03 248.31 -74.56 24.60 
-99.73 0.43 -82.73 49.47 175.72 -70.48 16.62 
-212.84 0.27 -88.65 -96.87 118.52 50.09 17.57 
-158.29 0.91 -112.96 36.33 227.09 -70.15 22.24 
-254.79 0.56 -113.00 -100.26 161.84 44.13 22.39 
-221.67 0.98 -88.17 -110.53 111.60 62.00 18.04 
-176.72 0.65 -126.53 41.60 254.25 -79.13 25.24 
-245.40 0.26 -150.02 -3.50 275.37 -49.69 29.39 
-288.38 0.50 -140.49 -83.78 221.28 21.16 27.64 
-147.91 0.04 -113.51 50.81 234.92 -82.53 22.28 
-92.13 0.13 -49.59 -18.05 82.80 -3.34 9.87 
-229.92 0.86 -91.48 -116.12 114.24 64.96 17.94 
-90.55 0.35 -49.56 -14.39 84.57 -5.05 10.07 
-289.80 0.38 -138.36 -90.60 214.51 27.65 27.94 
-219.39 0.25 -85.47 -112.71 105.93 64.16 17.67 
-284.04 0.75 -153.71 -47.77 262.47 -13.05 30.34 
-283.44 0.40 -123.77 -116.69 173.99 54.37 24.27 
-156.84 0.66 -115.63 44.08 235.07 -76.85 23.34 
-176.22 0.87 -73.74 -80.62 97.34 42.03 14.59 
-197.52 0.39 -129.22 18.57 248.72 -60.84 25.85 
-123.36 0.97 -65.56 -23.86 110.15 -3.40 13.80 
-78.64 0.98 -67.15 41.98 144.14 -59.16 13.81 
-282.51 0.86 -139.57 -78.08 222.77 16.96 28.16 
-172.20 0.23 -120.72 32.84 239.35 -70.00 24.22 
-265.08 0.37 -140.91 -50.16 237.43 -7.19 27.77 
-94.43 0.17 -71.47 28.63 143.97 -48.82 14.08 
-88.69 0.61 -65.64 24.49 131.83 -43.62 13.76 
-262.78 0.83 -155.74 -13.66 282.55 -43.09 31.09 
-114.59 0.39 -56.88 -33.23 88.18 7.65 11.82 
-117.35 0.06 -61.03 -27.55 99.23 1.13 12.19 
-124.48 0.87 -102.69 58.06 216.21 -84.81 20.84 
-138.90 0.36 -65.12 -47.59 97.37 16.56 13.65 
-159.68 0.80 -117.26 42.63 237.05 -77.05 23.73 
-117.74 0.61 -87.19 33.10 176.87 -58.26 17.36 
-242.38 0.68 -150.24 2.29 280.22 -54.19 29.38 
-94.59 0.98 -62.01 8.21 117.46 -28.39 12.90 
-141.27 0.62 -62.12 -57.70 87.52 26.58 12.37 
-161.43 0.74 -69.35 -67.69 96.16 32.33 14.53 
-117.39 0.28 -100.39 62.37 214.15 -87.45 19.61 
-200.26 0.95 -81.54 -94.73 106.70 51.21 16.38 
-130.21 0.09 -53.82 -61.49 69.64 32.76 10.58 
-159.28 0.63 -116.30 40.95 234.59 -75.61 23.11 
-258.93 0.99 -110.24 -112.90 151.95 55.11 22.26 
-136.77 0.73 -109.97 58.93 230.93 -87.77 21.81 
-213.11 0.16 -136.55 12.17 259.19 -57.57 26.75 
-271.46 0.70 -135.13 -73.06 216.49 13.94 26.86 
-95.47 0.67 -80.96 51.18 174.85 -71.40 16.39 
-149.32 0.89 -68.25 -54.55 100.70 21.89 13.97 
-158.07 0.13 -65.29 -72.44 87.51 37.60 13.09 
-114.31 0.99 -82.32 26.94 164.87 -51.51 16.62 
-298.60 0.19 -153.31 -68.10 253.99 2.74 30.49 
-177.41 0.38 -67.80 -94.59 81.06 55.32 13.50 
-261.27 0.79 -118.57 -95.33 176.40 37.72 23.31 
-119.22 0.60 -100.39 62.66 215.58 -88.12 20.02 
-292.90 0.98 -144.77 -81.02 231.38 16.42 29.13 
-213.66 0.48 -135.61 10.37 257.10 -55.93 26.95 
-112.05 0.52 -62.94 -14.11 108.65 -10.12 12.37 
-269.73 0.38 -153.06 -30.71 269.54 -28.11 30.44 
-291.30 0.99 -145.90 -76.89 234.20 12.94 28.49 
-162.17 0.32 -68.87 -72.57 92.89 35.92 13.88 
-233.62 0.54 -101.98 -96.74 143.20 45.54 20.27 
-112.63 0.56 -57.23 -27.11 93.89 1.81 11.96 
-94.86 0.75 -81.46 50.68 173.52 -71.07 15.90 
-201.85 0.94 -137.22 28.48 267.51 -71.94 27.17 
-121.27 0.60 -63.59 -26.82 104.29 0.20 13.11 
-253.32 0.05 -111.33 -100.97 158.85 45.79 22.31 
-284.10 0.87 -128.03 -106.55 187.79 43.80 25.75 
-185.28 0.06 -74.51 -89.62 96.59 48.04 15.48 
-84.46 0.78 -63.71 26.97 130.52 -45.42 12.87 
-109.05 0.90 -78.78 25.87 157.64 -49.82 16.34 
-279.03 0.64 -125.55 -106.59 182.66 44.90 25.38 
-254.47 0.13 -154.11 -6.11 283.17 -49.53 30.68 
-164.21 0.61 -125.53 56.53 258.60 -91.39 25.01 
-124.96 0.31 -62.09 -35.79 96.73 8.45 12.36 
-291.67 0.60 -155.64 -54.76 263.80 -8.56 31.09 
-190.85 0.40 -76.30 -95.78 95.12 53.20 15.39 
-238.81 0.60 -144.51 -5.79 265.01 -45.39 28.68 
-217.39 0.20 -93.99 -91.42 131.11 43.34 18.34 
-204.69 0.80 -80.41 -103.88 100.22 58.25 16.63 
-288.57 0.62 -127.14 -113.97 183.48 50.16 25.14 
-148.18 0.46 -61.84 -67.15 82.60 34.79 12.20 
-267.10 0.85 -145.92 -42.21 250.51 -15.26 29.11 
-224.18 0.08 -141.70 7.99 266.22 -56.52 28.62 
-192.10 0.40 -132.80 33.69 262.48 -74.47 26.14 
-89.56 0.06 -49.48 -14.25 83.98 -6.06 10.15 
-119.41 0.11 -94.01 47.87 197.51 -73.14 19.30 
-157.31 1.00 -66.67 -69.48 90.44 34.83 13.19 
-126.35 0.99 -58.89 -44.40 87.42 16.74 11.77 
-257.19 0.21 -145.03 -29.73 255.11 -25.36 28.50 
-139.41 0.02 -63.75 -51.07 93.41 20.91 12.61 
-88.06 0.59 -55.00 0.49 100.47 -19.50 11.28 
-140.36 0.98 -113.42 62.60 241.05 -92.21 23.13 
-209.61 0.48 -86.01 -97.96 113.22 51.53 17.59 
-267.98 0.98 -119.73 -103.43 173.23 44.35 24.26 
-296.50 0.34 -139.31 -99.14 211.82 33.83 27.25 
-120.34 0.31 -100.04 58.17 212.35 -83.82 20.23 
-96.11 0.52 -69.85 23.03 138.70 -44.04 14.33 
-169.69 0.94 -129.38 55.85 265.40 -91.83 26.22 
-197.10 0.70 -75.05 -106.81 89.07 62.48 15.54 
-121.98 0.91 -58.90 -38.77 90.28 11.25 12.07 
-271.75 0.79 -138.32 -66.53 225.13 7.13 27.02 
-185.75 0.84 -71.64 -99.73 84.79 58.34 14.15 
-86.82 0.58 -52.34 -4.31 94.29 -15.73 10.56 
-201.71 0.59 -79.16 -102.91 98.63 58.29 15.94 
-82.70 0.42 -61.96 24.77 125.99 -42.58 12.79 
-129.57 0.55 -95.00 34.14 191.74 -62.62 18.96 
-99.71 0.65 -82.30 46.26 173.71 -68.28 16.16 
-191.32 0.29 -136.33 41.60 272.35 -83.36 26.89 
-233.70 0.29 -143.09 -1.09 265.01 -49.37 28.02 
-270.29 0.64 -135.15 -71.51 217.73 12.76 27.24 
-79.98 0.57 -64.34 33.27 133.06 -50.65 13.06 
-249.14 0.34 -152.39 -0.74 283.53 -53.03 29.98 
-196.66 0.70 -80.86 -92.90 106.28 49.31 16.27 
-104.75 0.07 -56.32 -18.13 95.49 -4.79 11.45 
-195.92 0.54 -131.82 24.68 255.31 -66.66 26.68 
-146.27 0.86 -110.51 45.11 225.98 -76.73 21.94 
-91.19 0.21 -57.58 1.59 106.49 -21.60 12.09 
-85.37 0.02 -59.39 15.56 116.68 -33.54 12.60 
-140.43 0.80 -113.85 62.27 239.98 -92.22 22.48 
-280.30 0.15 -151.94 -47.55 260.20 -14.20 30.32 
-103.60 0.89 -51.82 -27.00 83.30 4.54 10.28 
-258.62 0.80 -144.27 -34.26 252.15 -21.83 28.32 
-136.65 0.45 -57.34 -60.93 76.70 31.50 11.67 
-258.72 0.66 -157.59 -4.34 290.10 -50.95 30.92 
-89.50 0.14 -51.23 -9.33 89.70 -9.82 10.40 
-139.34 0.81 -112.39 59.55 236.06 -89.13 22.14 
-84.67 0.74 -53.43 1.44 98.84 -20.38 11.06 
-99.20 0.59 -76.16 34.22 156.83 -54.85 15.48 
-142.38 0.46 -63.71 -54.48 92.00 23.52 12.55 
-229.51 0.65 -92.19 -111.00 119.59 59.97 18.61 
-182.16 0.39 -72.65 -91.06 91.23 50.72 15.18 
-173.76 0.56 -75.77 -71.83 106.17 33.81 15.79 
-261.56 0.13 -146.19 -34.94 254.27 -21.43 28.62 
-281.22 0.63 -129.84 -97.77 195.64 36.54 25.86 
-141.87 0.81 -66.81 -46.52 102.36 15.40 13.05 
-123.30 0.00 -65.74 -24.11 110.55 -3.45 13.05 
-142.63 0.59 -63.13 -56.55 89.73 25.53 12.40 
-166.44 0.99 -118.31 35.19 235.01 -70.51 23.41 
-265.02 0.65 -118.54 -101.42 171.74 43.92 23.64 
-106.36 0.37 -88.63 53.31 189.42 -76.05 17.57 
-230.64 0.92 -95.41 -106.21 126.34 55.49 19.39 
-132.29 0.57 -97.09 35.30 196.28 -63.25 19.01 
-186.46 0.36 -136.00 47.89 274.05 -86.97 26.81 
-253.14 0.12 -112.88 -99.43 161.85 43.35 23.00 
-147.80 0.43 -68.84 -50.55 103.86 18.16 13.88 
-167.49 0.49 -69.20 -78.81 91.00 41.28 14.21 
-284.92 0.34 -155.86 -44.03 268.85 -17.13 30.78 
-221.68 0.40 -148.29 26.44 286.93 -73.96 29.70 
-253.37 0.89 -143.66 -29.01 252.57 -26.54 28.69 
-115.16 0.71 -82.12 26.61 165.31 -51.84 16.74 
-250.94 0.63 -154.30 -0.82 284.91 -53.41 30.45 
-295.73 0.08 -149.38 -74.78 242.64 9.79 29.82 
-282.50 0.61 -123.27 -115.97 174.91 53.97 24.36 
-294.44 0.81 -146.28 -79.59 234.89 14.97 28.93 
-192.84 1.00 -137.04 41.94 274.05 -83.23 27.72 
-165.92 0.49 -64.47 -87.73 78.05 50.43 13.14 
-205.01 0.63 -87.71 -87.40 121.46 42.80 17.13 
-269.85 0.82 -131.15 -80.02 205.30 21.83 26.02 
-149.71 0.55 -69.07 -53.71 102.51 20.99 13.87 
-113.12 0.67 -73.78 8.94 141.01 -34.16 15.36 
-234.91 0.26 -151.99 17.20 291.07 -67.55 30.61 
-114.74 0.27 -49.37 -48.40 68.67 23.36 10.31 
-120.00 0.32 -97.58 52.63 204.35 -78.29 19.15 
-262.55 0.77 -142.86 -43.34 244.83 -14.57 28.78 
-116.77 0.96 -65.41 -16.87 112.01 -9.18 12.97 
-89.82 0.44 -51.07 -9.72 89.17 -10.16 9.98 
-296.55 0.64 -153.23 -65.44 254.06 1.46 30.77 
-269.75 0.35 -119.46 -107.39 171.69 47.73 24.24 
-291.78 0.11 -145.81 -75.64 236.64 11.86 29.34 
-109.28 0.56 -90.30 51.35 190.95 -74.60 18.20 
-86.16 0.26 -65.36 26.26 131.74 -44.92 13.20 
-76.77 0.40 -56.71 19.42 112.47 -35.64 11.22 
-239.18 0.34 -100.40 -106.49 136.98 53.91 20.59 
-189.14 0.31 -81.48 -81.88 111.15 40.19 16.28 
-176.67 0.98 -76.13 -74.32 105.58 35.65 15.46 
-289.13 0.94 -145.28 -73.41 236.01 10.79 28.96 
-130.38 0.63 -66.13 -33.20 106.00 5.02 13.48 
-267.15 0.99 -139.19 -56.57 231.95 -1.60 28.10 
-105.07 0.03 -50.67 -32.11 77.64 9.56 10.76 
-211.20 0.79 -144.81 33.45 284.65 -78.78 29.08 
-242.95 0.24 -142.03 -16.32 256.94 -35.95 28.19 
-213.57 0.90 -89.30 -95.44 121.42 48.12 17.78 
-268.90 0.87 -110.95 -123.83 148.68 64.19 22.42 
-124.10 0.53 -52.07 -56.19 70.25 28.57 11.08 
-101.16 0.40 -56.13 -16.06 95.51 -6.88 11.06 
-148.72 0.95 -63.18 -65.38 86.66 32.65 13.10 
-156.54 0.21 -62.13 -79.71 76.27 45.56 12.35 
-122.19 0.97 -97.76 50.22 204.73 -76.84 19.62 
-139.04 0.96 -114.70 65.28 242.20 -94.81 22.73 
-292.80 0.78 -141.20 -90.05 220.14 25.61 28.14 
-93.15 0.18 -75.30 39.96 156.96 -59.25 14.85 
-175.99 0.91 -75.86 -75.05 104.22 36.24 15.55 
-291.61 0.37 -145.93 -75.64 236.39 12.49 29.09 
-253.27 0.78 -142.86 -28.62 252.09 -26.22 28.00 
-235.28 0.01 -102.47 -97.41 143.84 45.45 20.91 
-259.54 0.22 -155.90 -8.89 284.53 -47.46 30.63 
-98.56 0.37 -57.87 -7.55 103.39 -14.38 11.74 
-285.84 0.26 -140.13 -81.34 222.51 19.14 27.38 
-106.13 0.10 -54.26 -27.26 86.78 3.35 11.34 
-277.05 0.30 -119.71 -115.47 168.97 54.87 23.59 
-299.94 0.02 -144.80 -92.15 225.05 26.04 29.02 
-121.09 0.94 -65.68 -20.02 112.63 -6.03 13.80 
-263.96 0.43 -127.32 -79.65 199.48 21.78 25.06 
-160.65 0.08 -115.14 35.72 229.04 -69.61 22.89 
-298.36 0.37 -138.63 -102.57 209.70 37.69 27.61 
-246.69 0.60 -148.78 -6.59 273.74 -47.22 29.93 
-277.79 0.17 -134.49 -83.12 211.03 22.74 26.42 
-228.35 0.43 -92.57 -110.13 119.73 59.09 19.06 
-215.65 0.38 -91.92 -93.02 125.86 45.56 18.51 
-225.17 0.59 -93.48 -102.64 124.55 53.42 18.47 
-161.54 0.23 -68.75 -70.66 94.49 34.29 13.95 
-284.78 0.72 -131.56 -100.04 197.21 37.02 26.46 
-119.86 0.54 -64.10 -22.55 107.84 -3.25 13.10 
-194.73 0.40 -73.22 -107.87 84.62 63.84 14.40 
-136.30 0.77 -100.52 36.73 202.12 -65.99 19.80 
-124.11 0.46 -65.15 -26.41 107.49 -0.53 12.92 
-107.00 0.53 -75.12 19.09 147.52 -42.18 14.69 
-225.23 0.72 -86.59 -120.12 104.17 69.26 17.63 
-206.41 0.85 -135.48 19.31 260.20 -63.20 26.76 
-148.04 0.56 -115.02 55.56 240.16 -86.51 23.02 
-122.27 0.09 -100.59 57.11 212.87 -83.38 20.33 
-245.55 0.66 -105.22 -104.90 146.20 50.76 21.37 
-153.22 0.09 -113.38 43.16 230.67 -76.20 22.63 
-85.90 0.85 -60.61 18.11 119.81 -36.64 12.15 
-247.28 0.15 -110.62 -94.29 161.36 39.77 21.67 
-256.81 0.73 -120.02 -86.94 181.15 31.31 23.54 
-249.90 0.38 -147.62 -14.14 267.55 -40.08 29.01 
-109.05 0.52 -83.32 37.16 171.66 -60.59 16.78 
-112.53 0.32 -68.74 -2.36 126.19 -22.84 13.79 
-138.81 0.20 -102.33 38.41 208.14 -67.82 20.73 
-232.41 0.81 -146.08 6.00 272.87 -56.54 28.91 
-298.89 0.91 -152.72 -72.79 249.21 7.70 29.88 
-103.08 0.80 -86.82 52.73 186.02 -75.04 17.23 
-271.67 0.74 -136.74 -70.01 219.84 10.80 26.73 
-238.80 0.37 -145.33 -3.98 267.74 -47.05 28.99 
-97.28 0.77 -81.20 47.73 173.13 -69.08 16.84 
-232.96 0.22 -140.57 -7.32 256.99 -43.45 27.86 
-132.43 0.72 -63.86 -41.34 98.78 11.33 12.66 
-201.29 0.74 -131.81 17.86 252.04 -60.49 25.81 
-281.83 0.02 -143.54 -69.65 232.66 8.79 28.08 
-181.90 0.93 -72.94 -89.30 92.39 49.99 14.27 
-137.93 0.20 -55.88 -67.43 71.37 36.02 11.74 
-236.81 0.35 -140.54 -11.95 254.40 -39.18 27.80 
-265.69 0.99 -126.71 -85.34 194.31 26.60 25.49 
-147.46 0.07 -110.22 43.81 224.01 -75.55 22.20 
-174.87 0.64 -124.52 39.89 250.68 -76.90 25.29 
-230.03 0.16 -142.66 2.30 266.00 -51.77 28.64 
-75.74 0.96 -60.21 31.02 126.22 -47.37 11.91 
-151.99 0.53 -113.16 45.02 231.19 -78.09 22.42 
-243.93 0.24 -97.40 -120.77 123.35 67.63 19.02 
-77.08 0.19 -54.70 16.79 109.12 -33.10 11.33 
-145.38 0.29 -64.50 -56.70 92.87 24.49 12.81 
-117.11 0.65 -87.22 34.19 177.97 -59.78 17.58 
-111.04 0.73 -95.39 62.19 205.03 -85.47 19.00 
-112.76 0.79 -76.38 14.74 147.95 -39.26 15.40 
-208.33 0.19 -88.00 -90.98 120.49 44.92 17.61 
-262.91 0.20 -121.52 -92.18 182.82 34.22 24.56 
-254.39 0.98 -141.40 -35.07 245.44 -19.82 28.23 
-233.65 0.61 -148.09 8.58 278.14 -59.19 29.43 
-164.42 0.00 -115.40 32.78 230.15 -68.06 22.52 
-152.85 0.65 -112.59 42.72 229.62 -75.24 22.07 
-270.91 0.71 -120.82 -105.32 175.62 45.84 24.19 
-190.58 0.60 -74.94 -98.10 92.91 55.89 15.25 
-232.64 0.29 -141.30 -5.43 258.58 -45.15 27.97 
-270.70 0.38 -121.52 -104.64 174.72 44.81 23.86 
-197.98 0.36 -77.37 -102.51 95.54 58.58 15.33 
-116.02 0.26 -68.05 -9.43 120.56 -15.86 13.44 
-190.01 0.51 -77.31 -91.92 98.67 50.06 15.18 
-99.73 0.21 -66.40 11.53 127.96 -32.53 13.27 
-238.17 0.13 -141.05 -11.93 256.14 -38.71 27.95 
-172.77 0.32 -126.26 44.82 254.82 -81.70 25.52 
-190.46 0.15 -128.20 23.73 247.64 -65.07 25.84 
-173.94 0.28 -68.37 -88.68 84.74 50.23 14.21 
-122.60 0.96 -57.97 -39.79 88.18 13.19 11.83 
-88.09 0.37 -76.46 50.01 164.11 -68.81 14.96 
-99.67 0.75 -60.54 -2.08 110.74 -19.08 11.81 
-81.74 0.49 -58.51 18.64 116.22 -35.71 12.38 
-225.33 0.47 -93.83 -102.31 126.41 52.49 19.20 
-273.80 0.90 -125.59 -98.94 186.65 38.82 24.57 
-92.02 0.88 -60.88 7.71 115.56 -28.51 12.33 
-212.37 0.80 -142.15 27.04 276.39 -71.72 28.65 
-262.80 0.25 -146.59 -35.63 255.29 -21.99 29.58 
-263.11 0.54 -139.27 -51.57 235.06 -5.96 27.38 
-146.76 0.14 -59.96 -69.66 77.75 36.81 11.90 
-149.82 0.87 -60.41 -74.62 76.62 41.23 12.50 
-146.08 0.48 -57.56 -73.62 71.44 42.22 11.43 
-247.41 0.87 -150.54 -5.01 276.59 -48.38 29.89 
-149.30 0.09 -59.47 -75.00 75.02 41.65 12.27 
-270.88 0.65 -139.51 -62.71 228.55 3.63 27.99 
-110.33 0.02 -61.16 -16.48 105.08 -8.35 12.66 
-274.13 0.88 -146.82 -50.96 247.68 -8.95 29.59 
-204.86 0.13 -84.61 -95.24 111.61 50.49 17.05 
-160.31 0.74 -117.72 42.20 237.60 -76.70 23.61 
-283.95 0.13 -131.70 -98.64 198.73 35.64 26.70 
-146.74 0.90 -116.38 59.95 243.77 -91.03 22.70 
-94.69 0.25 -62.19 8.40 118.95 -28.92 12.28 
-119.28 0.01 -98.89 58.99 210.32 -84.16 19.81 
-266.87 0.85 -116.52 -108.87 165.19 49.87 23.65 
-197.87 0.87 -137.13 35.62 272.25 -78.14 27.47 
-102.60 0.88 -56.27 -15.73 96.23 -5.96 11.61 
-161.15 0.34 -71.02 -66.11 99.84 30.07 14.04 
-94.02 0.33 -82.31 55.30 178.87 -75.38 16.33 
-106.45 0.38 -72.21 13.81 140.21 -36.97 14.44 
-274.88 0.58 -136.25 -76.32 215.96 16.19 27.25 
-142.81 0.12 -61.19 -62.49 84.20 30.61 12.63 
-276.58 0.33 -153.72 -38.81 265.76 -21.30 30.06 
-264.02 0.48 -108.90 -122.28 145.64 63.94 22.15 
-167.19 0.68 -72.90 -70.24 100.57 33.55 15.09 
-228.13 0.91 -99.65 -93.70 140.08 43.61 19.53 
-271.06 0.79 -119.89 -108.12 171.38 47.91 24.18 
-99.57 0.22 -57.61 -9.04 101.98 -12.93 11.29 
-225.07 0.51 -146.39 18.24 280.67 -66.92 29.55 
-147.95 0.52 -108.74 41.18 220.75 -72.80 21.33 
-91.93 0.74 -53.89 -6.20 96.36 -13.41 10.81 
-119.17 0.53 -66.23 -16.61 114.68 -9.58 13.39 
-163.53 0.54 -71.86 -66.98 100.48 31.56 14.59 
-258.23 0.20 -118.28 -94.12 174.14 37.52 23.62 
-123.03 0.20 -65.64 -24.86 109.00 -2.72 13.32 
-265.88 0.04 -134.15 -68.48 217.24 10.19 26.90 
-89.17 0.15 -62.49 16.62 122.44 -35.89 12.97 
-253.18 0.10 -101.73 -123.92 130.48 68.34 20.25 
-263.60 0.12 -149.14 -31.26 261.42 -25.61 29.59 
-140.01 0.32 -103.47 40.48 211.30 -70.82 21.02 
-203.74 0.74 -134.67 22.40 259.99 -65.95 27.21 
-156.09 0.37 -114.74 41.06 231.48 -74.41 22.45 
-291.07 0.16 -140.20 -89.21 217.80 25.53 28.28 
-95.87 0.55 -78.36 42.80 165.26 -63.26 15.49 
-91.17 0.60 -61.44 11.69 118.88 -31.63 12.19 
-103.41 0.11 -92.11 65.18 201.15 -87.09 18.00 
-243.62 0.01 -145.17 -11.50 263.40 -41.02 28.88 
-119.18 0.66 -55.99 -40.64 83.65 14.29 11.64 
-238.41 0.97 -146.16 -2.69 268.99 -49.04 28.54 
-264.71 0.30 -112.97 -115.11 155.44 56.96 22.88 
-99.43 0.84 -67.50 12.23 129.87 -33.96 13.20 
-81.83 0.84 -61.55 24.51 124.74 -42.61 12.72 
-110.86 0.37 -84.57 36.19 173.05 -60.00 16.50 
-113.55 0.82 -94.94 56.39 201.64 -80.73 19.22 
-212.64 0.49 -89.68 -95.40 121.45 47.68 18.13 
-133.22 0.08 -108.18 59.88 228.19 -88.22 21.19 
-93.89 0.93 -68.25 23.90 137.15 -44.06 13.61 
-171.31 0.02 -72.73 -75.91 98.78 37.24 15.02 
-92.15 0.78 -77.02 46.51 164.35 -65.85 15.39 
-228.20 0.47 -98.57 -95.73 137.81 45.70 19.94 
-290.23 0.08 -148.12 -69.98 242.57 6.56 29.79 
-84.39 0.99 -61.88 22.03 124.36 -40.71 12.33 
-271.22 0.08 -121.30 -104.06 176.49 44.79 24.37 
-278.97 0.73 -149.28 -52.42 251.36 -8.63 29.72 
-293.38 0.32 -144.33 -82.37 229.75 18.46 29.01 
-105.46 0.44 -86.27 47.84 181.08 -70.42 17.75 
-242.32 0.50 -107.98 -94.75 154.94 41.42 21.08 
-228.64 0.64 -139.36 -2.74 256.94 -46.71 27.47 
-289.62 0.42 -128.84 -113.13 186.40 49.46 25.35 
-153.90 0.90 -116.44 48.42 237.77 -81.88 23.37 
-93.11 0.27 -57.12 0.05 105.50 -19.73 11.82 
-216.14 1.00 -139.84 15.12 266.07 -62.05 27.75 
-131.88 0.11 -101.49 47.32 210.73 -74.96 20.72 
-265.14 0.48 -153.94 -22.75 274.64 -34.55 30.05 
-111.13 0.41 -61.74 -16.22 106.45 -8.84 12.75 
-160.59 0.50 -114.86 36.49 229.42 -70.57 23.24 
-272.00 0.73 -144.93 -50.87 245.59 -8.18 28.94 
-223.21 0.24 -138.40 3.52 258.28 -51.61 27.97 
-215.72 0.54 -146.35 31.53 287.46 -77.55 29.49 
-82.44 0.22 -66.39 36.23 138.90 -53.56 13.33 
-259.73 0.95 -110.32 -112.36 153.26 55.38 22.31 
-163.98 0.07 -116.42 34.32 231.21 -70.02 23.45 
-255.26 0.04 -111.02 -105.79 155.74 49.77 21.91 
-219.18 0.34 -84.40 -115.47 102.62 66.21 17.25 
-284.55 0.55 -148.94 -59.50 248.29 -1.69 29.88 
-278.82 0.84 -142.38 -66.16 233.65 4.89 28.74 
-265.60 0.21 -120.27 -99.34 175.96 41.18 24.21 
-129.21 0.31 -97.50 40.75 199.00 -67.71 19.14 
-113.34 0.69 -75.16 12.54 144.97 -37.24 15.58 
-95.71 0.77 -60.97 4.10 113.61 -24.37 12.10 
-172.84 0.28 -68.52 -87.64 84.92 49.37 13.73 
-185.92 0.55 -127.38 29.09 250.57 -68.99 25.51 
-105.22 0.99 -86.40 48.34 182.86 -71.56 17.80 
-277.16 0.92 -132.00 -89.11 203.50 27.77 26.33 
-168.95 0.37 -73.18 -71.08 102.34 33.04 14.33 
-284.78 0.41 -139.09 -81.60 220.13 20.11 27.43 
-99.06 0.66 -51.73 -22.95 84.77 0.52 10.72 
-95.76 0.75 -76.52 40.92 161.02 -60.85 15.53 
-261.81 0.38 -148.78 -29.45 261.14 -27.67 29.99 
-117.31 0.83 -67.66 -10.15 120.82 -14.88 14.08 
-119.66 0.44 -92.33 40.78 188.86 -66.36 18.47 
-95.03 0.51 -76.29 39.81 159.80 -60.68 15.69 
-248.60 0.81 -103.00 -114.77 137.33 60.16 20.75 
-124.69 0.92 -96.66 44.91 200.80 -71.87 19.36 
-136.75 0.90 -63.82 -45.58 97.51 15.13 12.99 
-157.55 0.43 -61.70 -80.19 77.17 44.58 12.46 
-132.71 0.76 -98.65 37.54 200.54 -66.65 20.09 
-216.91 0.38 -140.60 15.25 268.39 -62.94 28.35 
-134.99 0.98 -107.47 55.56 224.52 -83.73 21.58 
-101.22 0.83 -80.78 40.84 168.41 -62.97 15.95 
-266.59 0.77 -132.00 -73.01 210.89 14.28 25.93 
-262.12 0.07 -144.63 -39.39 249.65 -17.35 28.93 
-181.01 0.09 -124.54 30.70 246.54 -69.70 25.01 
-264.69 0.83 -150.84 -28.49 265.60 -28.96 30.37 
-119.40 0.49 -91.15 38.43 185.96 -63.90 18.18 
-268.50 0.72 -154.61 -23.35 276.06 -34.86 30.35 
-138.78 0.71 -66.17 -44.22 102.11 13.65 13.22 
-250.83 0.13 -108.29 -104.84 151.84 49.97 21.26 
-297.39 0.20 -149.96 -74.90 243.40 10.64 29.38 
-256.33 0.07 -156.52 -2.62 289.13 -52.60 31.16 
-101.43 0.88 -68.71 12.74 132.05 -34.93 14.06 
-121.61 0.25 -92.54 38.86 189.53 -65.95 18.54 
-116.78 0.90 -82.79 25.67 166.54 -50.57 16.53 
-286.70 0.01 -150.58 -59.49 252.27 -2.83 29.77 
-116.50 0.63 -67.21 -12.20 117.25 -12.74 14.10 
-243.38 0.68 -95.74 -123.51 119.51 70.11 19.54 
-256.60 0.59 -114.02 -100.04 165.07 44.18 23.07 
-79.77 0.24 -54.06 9.43 103.08 -27.35 11.07 
-287.40 0.04 -132.87 -99.84 200.50 36.74 26.80 
-262.80 0.24 -116.31 -102.79 168.20 44.81 23.14 
-121.96 0.48 -61.45 -33.24 97.03 5.89 12.22 
-261.50 0.77 -111.73 -113.20 153.62 55.83 21.82 
-257.80 0.70 -156.53 -5.66 288.23 -50.48 31.28 
-235.46 0.46 -100.90 -100.82 139.03 49.32 19.91 
-277.71 0.32 -152.08 -43.61 262.58 -16.74 30.20 
-257.68 0.32 -112.42 -105.40 159.27 48.21 22.80 
-262.47 0.89 -139.43 -50.71 235.23 -6.25 27.47 
-203.88 0.87 -131.93 15.49 252.76 -58.81 25.73 
-195.92 0.75 -83.58 -84.13 115.91 41.15 17.21 
-113.41 0.03 -78.61 21.11 155.83 -45.71 16.19 
-275.92 0.56 -136.91 -76.20 218.60 15.41 26.92 
-258.64 0.31 -108.07 -118.31 144.21 60.90 21.64 
-291.23 0.39 -156.81 -50.95 267.43 -11.81 31.26 
-165.26 0.30 -121.03 43.21 243.75 -78.60 24.07 
-254.01 0.90 -153.71 -5.57 282.27 -48.60 30.29 
-284.05 1.00 -156.51 -40.65 272.45 -21.20 31.17 
-214.67 0.93 -89.80 -96.89 121.43 49.44 17.90 
-279.51 0.11 -151.55 -48.22 258.66 -12.82 29.69 
-77.73 0.41 -63.80 36.02 134.49 -52.75 12.75 
-92.71 0.51 -61.41 8.83 117.79 -29.65 12.59 
-225.62 0.85 -90.22 -112.33 113.43 62.51 17.70 
-109.39 0.68 -69.84 5.18 131.67 -29.61 13.75 
-208.58 0.60 -137.74 21.75 265.77 -66.30 27.71 
-276.92 0.50 -142.70 -63.83 234.81 2.94 28.43 
-275.45 0.93 -155.43 -31.95 273.32 -27.00 31.22 
-258.19 0.49 -142.86 -35.28 249.42 -21.19 28.12 
-290.81 0.32 -136.46 -97.23 207.45 33.64 27.05 
-167.73 0.61 -67.59 -80.79 87.02 43.89 13.72 
-236.90 0.16 -97.30 -112.30 126.39 60.03 19.84 
-206.71 0.54 -78.55 -111.42 92.74 65.90 16.08 
-92.91 0.02 -78.40 48.84 168.53 -68.71 15.80 
-147.46 0.08 -113.52 51.03 234.27 -82.68 22.23 
-254.46 0.81 -112.88 -99.34 162.47 44.40 22.08 
-101.79 0.53 -78.00 33.15 159.61 -55.10 15.36 
-105.38 0.63 -67.88 5.92 127.53 -29.00 13.34 
-248.97 0.04 -109.66 -100.80 155.74 45.27 21.52 
-159.92 0.09 -121.07 50.71 248.22 -85.72 24.06 
-101.28 0.23 -76.76 31.04 155.35 -52.67 15.75 
-299.64 0.38 -153.41 -71.18 250.74 5.88 30.17 
-122.37 0.12 -92.72 40.56 190.53 -66.65 18.97 
-112.82 0.85 -94.64 56.59 201.52 -81.30 19.17 
-270.75 0.43 -127.54 -88.19 196.33 29.29 25.70 
-294.64 0.87 -153.02 -64.01 253.93 0.71 29.99 
-202.36 0.96 -81.54 -98.89 103.71 53.87 15.94 
-86.91 0.42 -75.89 50.63 164.18 -68.65 15.63 
-159.42 0.03 -60.94 -84.65 73.53 48.67 11.90 
-192.37 0.30 -138.57 46.56 278.49 -87.77 27.86 
-119.36 0.99 -53.52 -45.45 77.67 19.61 11.01 
-276.12 0.74 -123.22 -105.86 179.46 44.79 24.76 
-179.05 0.82 -127.91 39.12 255.74 -78.12 25.47 
-224.04 1.00 -147.95 23.51 285.48 -71.02 29.77 
-97.06 0.80 -61.66 4.18 116.34 -25.57 12.73 
-232.94 0.35 -90.65 -120.17 111.98 68.93 18.00 
-282.68 0.97 -153.55 -46.29 264.17 -14.88 30.00 
-275.86 0.20 -124.88 -101.96 184.25 42.03 25.36 
-210.69 0.13 -136.32 16.49 261.92 -61.60 26.98 
-225.42 0.63 -141.85 6.67 266.67 -55.59 27.98 
-108.04 0.62 -75.87 20.42 150.10 -44.44 15.25 
-218.90 0.78 -145.34 24.36 280.70 -70.62 29.27 
-258.23 0.25 -109.01 -113.83 149.28 56.60 21.93 
-240.60 0.91 -150.66 5.95 282.29 -58.00 29.65 
-282.47 0.86 -141.19 -75.45 225.44 13.61 27.83 
-294.91 0.63 -155.60 -58.37 262.36 -6.28 30.48 
-153.12 0.14 -111.78 39.83 225.08 -72.16 22.29 
-255.87 0.56 -146.65 -25.14 261.11 -30.27 29.51 
-138.61 0.48 -61.05 -55.09 86.88 24.92 12.65 
-154.71 0.27 -110.69 35.62 222.33 -69.42 21.71 
-137.30 0.99 -57.43 -61.58 76.51 31.63 11.49 
-180.76 0.92 -126.04 33.77 249.75 -72.48 25.18 
-273.47 0.86 -138.80 -66.71 226.06 7.08 27.21 
-98.38 0.65 -80.59 45.62 169.85 -65.98 16.57 
-236.39 0.29 -94.32 -118.40 118.35 66.34 19.04 
-112.31 0.10 -72.51 8.11 138.27 -32.65 14.85 
-214.00 1.00 -87.01 -103.95 112.08 56.60 17.26 
-227.25 0.78 -93.69 -104.80 124.38 54.62 18.47 
-233.45 0.73 -90.95 -121.87 111.02 69.52 18.73 
-271.69 0.31 -145.59 -47.98 249.03 -11.40 28.97 
-216.70 0.35 -92.40 -92.86 127.88 45.25 18.56 
-86.48 0.12 -50.10 -7.88 88.73 -11.57 9.91 
-282.17 0.18 -139.38 -78.16 221.75 16.68 27.79 
-94.95 0.02 -66.50 18.32 131.88 -39.10 13.64 
-107.87 0.76 -57.43 -21.02 95.56 -2.81 11.30 
-114.13 0.86 -87.13 37.79 178.37 -61.74 17.71 
-177.10 0.30 -128.35 44.81 259.81 -82.59 26.04 
-192.46 0.42 -135.69 38.69 270.36 -80.33 26.68 
-181.94 0.21 -72.63 -91.87 90.64 51.17 14.17 
-91.51 0.68 -67.75 26.56 137.47 -46.07 13.45 
-105.60 0.01 -82.75 40.26 171.28 -62.13 16.22 
-92.19 0.85 -74.40 39.58 155.91 -58.82 14.95 
-225.28 0.92 -97.35 -93.67 135.92 44.33 19.88 
-236.73 0.30 -145.14 -2.28 268.28 -48.84 28.48 
-249.21 0.79 -141.62 -27.51 249.21 -26.68 28.00 
-278.59 0.69 -149.97 -48.98 255.99 -11.26 30.01 
-93.58 0.08 -83.70 59.19 183.25 -79.12 17.09 
-269.37 0.26 -157.83 -17.22 284.49 -40.55 31.36 
-291.82 0.96 -143.55 -82.27 227.78 18.10 28.27 
-278.70 0.35 -128.39 -97.59 193.45 35.96 25.46 
-293.09 0.42 -140.43 -91.69 218.17 27.04 27.66 
-239.22 0.44 -102.98 -99.95 144.06 47.44 21.05 
-229.18 0.71 -141.91 2.79 265.61 -51.89 27.73 
-133.76 0.99 -102.71 46.20 212.52 -75.64 20.60 
-208.00 0.97 -84.29 -99.48 109.59 53.31 17.06 
-165.85 0.26 -125.89 55.51 260.18 -90.88 24.73 
-164.22 0.54 -63.71 -84.96 77.94 49.42 13.17 
-264.61 0.95 -150.57 -28.04 266.16 -28.80 29.53 
-264.77 0.53 -150.79 -28.49 266.20 -28.52 29.89 
-110.64 0.97 -80.86 28.86 163.43 -53.00 16.31 
-240.57 0.76 -145.92 -4.93 267.56 -46.92 28.66 
-220.43 0.08 -144.33 20.74 278.09 -68.53 29.11 
-267.46 0.42 -156.92 -16.81 282.91 -40.67 31.30 
-285.07 0.90 -148.31 -61.88 245.66 0.34 29.84 
-207.43 0.22 -140.94 30.28 275.82 -74.43 28.21 
-87.09 0.96 -72.76 42.62 153.33 -61.35 14.61 
-228.47 0.01 -91.55 -111.31 117.57 60.86 18.26 
-133.72 0.82 -110.07 61.91 232.17 -90.04 21.56 
-90.91 0.33 -58.34 4.07 108.24 -23.72 11.51 
-153.08 0.86 -59.69 -79.81 72.88 45.27 12.06 
-165.64 0.26 -63.13 -88.56 76.15 52.05 12.68 
-248.12 0.68 -154.98 3.91 288.81 -57.48 30.44 
-292.08 0.11 -148.64 -71.31 242.24 7.06 29.90 
-142.35 0.89 -68.22 -45.35 104.15 13.98 14.20 
-129.52 0.02 -102.83 53.26 216.55 -81.08 21.00 
-260.03 0.69 -121.63 -88.66 183.52 31.59 23.86 
-157.38 0.26 -122.16 57.46 253.31 -91.49 24.55 
-281.25 0.31 -144.32 -66.21 236.48 4.30 29.00 
-214.27 0.56 -93.17 -90.23 129.50 43.03 18.39 
-99.89 0.34 -71.49 21.85 142.16 -43.07 14.34 
-295.65 0.61 -143.06 -87.33 224.77 22.70 28.84 
-133.90 0.65 -109.38 61.25 231.13 -89.27 21.77 
-299.58 0.86 -147.00 -85.48 233.41 19.64 29.03 
-230.51 0.22 -93.78 -110.69 121.39 60.26 19.30 
-253.55 0.62 -105.34 -115.52 140.65 59.78 21.24 
-154.58 0.68 -69.01 -58.94 100.10 24.65 13.89 
-109.35 0.34 -62.42 -11.59 109.41 -12.19 12.38 
-179.01 0.75 -123.06 29.92 243.07 -68.87 24.05 
-283.13 0.84 -148.86 -57.77 249.70 -3.85 29.14 
-128.75 0.51 -101.20 49.85 211.49 -77.52 19.94 
-230.33 0.34 -99.28 -98.22 136.92 47.86 19.97 
-227.86 0.14 -91.48 -112.61 115.96 61.62 18.04 
-198.13 0.76 -138.99 38.48 276.61 -81.15 27.56 
-133.59 0.11 -64.79 -40.94 99.70 12.23 13.28 
-278.56 0.63 -156.38 -33.30 275.74 -27.69 30.82 
-139.19 0.74 -63.73 -51.66 93.36 20.67 12.80 
-249.21 0.44 -153.85 0.17 284.72 -53.52 30.32 
-183.62 0.45 -131.61 41.37 262.17 -80.68 25.91 
-284.39 0.35 -140.40 -78.22 224.53 15.79 28.00 
-191.21 0.68 -132.38 32.23 260.82 -73.33 26.11 
-98.83 0.55 -50.70 -22.92 82.64 1.82 10.61 
-138.30 0.54 -59.08 -58.87 81.53 28.31 12.08 
-291.82 0.09 -151.31 -63.86 251.24 0.45 29.55 
-259.65 0.94 -105.77 -123.49 138.21 66.48 21.55 
-199.80 0.60 -132.28 20.50 255.32 -64.36 25.80 
-271.99 0.50 -142.35 -57.51 236.54 -1.37 27.82 
-89.56 0.47 -67.33 28.37 138.64 -47.84 13.34 
-191.73 0.71 -81.00 -86.02 109.38 43.68 16.72 
-257.07 0.37 -117.50 -93.33 174.49 37.24 22.99 
-297.49 0.09 -153.96 -66.91 254.15 2.05 30.13 
-140.54 0.05 -113.82 62.59 240.96 -92.14 23.12 
-189.44 0.38 -136.10 45.30 273.36 -85.72 27.55 
-252.41 0.26 -145.67 -22.47 259.41 -32.34 29.32 
-279.83 0.60 -130.72 -94.82 198.39 34.02 25.59 
-280.07 0.34 -132.23 -91.47 201.82 30.51 26.02 
-138.72 0.52 -101.35 37.16 205.04 -66.06 20.66 
-150.68 0.71 -68.82 -54.07 102.64 20.50 14.19 
-267.44 0.65 -141.04 -54.96 236.27 -3.87 27.97 
-98.64 0.99 -66.23 12.52 127.75 -33.80 13.57 
-164.48 0.59 -71.54 -69.44 99.54 32.95 14.01 
-119.53 0.09 -66.68 -15.35 115.73 -10.37 13.99 
-120.27 0.47 -59.20 -34.34 93.04 8.04 11.84 
-204.20 0.65 -140.60 33.89 276.28 -77.58 28.39 
-143.52 0.40 -67.87 -47.61 103.53 16.09 13.43 
-157.63 0.69 -64.08 -75.48 82.35 40.61 13.30 
-199.34 0.86 -134.50 25.76 260.27 -68.80 26.28 
-108.11 0.03 -49.45 -39.69 71.80 15.82 9.71 
-283.31 0.05 -127.56 -105.96 188.19 44.00 25.26 
-83.86 0.64 -72.59 46.06 155.46 -64.08 14.90 
-138.81 0.90 -57.56 -65.58 74.70 35.18 11.45 
-140.90 0.10 -111.07 55.27 231.71 -85.33 22.66 
-247.32 0.03 -141.85 -23.15 252.58 -30.87 27.88 
-204.55 0.41 -136.48 24.32 265.64 -68.25 26.93 
-160.71 0.21 -114.26 35.29 228.06 -69.52 22.82 
-255.16 0.19 -103.78 -123.27 134.23 66.60 20.83 
-114.34 0.36 -93.79 53.46 199.51 -77.47 18.80 
-197.95 0.90 -132.09 22.54 254.49 -64.74 25.85 
-156.88 0.22 -115.10 41.29 232.58 -74.84 22.47 
-274.09 0.91 -143.99 -55.69 242.22 -3.80 29.03 
-104.88 0.77 -55.48 -22.15 90.83 -1.35 11.10 
-191.96 0.63 -79.67 -88.69 105.74 45.75 15.92 
-119.01 0.51 -102.71 65.84 220.93 -90.90 20.82 
-209.09 0.89 -87.45 -95.25 116.33 49.76 17.76 
-192.26 0.19 -72.95 -102.96 86.92 61.18 15.14 
-277.10 0.28 -149.56 -47.42 256.09 -12.85 29.96 
-150.96 0.69 -109.57 38.34 221.74 -71.36 21.56 
-102.10 0.81 -75.75 28.73 153.47 -51.32 15.48 
-121.50 0.56 -93.45 43.31 193.87 -69.72 18.50 
-98.73 0.20 -48.83 -28.95 75.82 7.32 9.72 
-185.06 0.58 -75.83 -88.25 97.82 47.49 15.75 
-90.69 0.53 -70.62 33.26 145.41 -52.14 14.44 
-211.11 0.76 -86.89 -97.65 114.84 51.24 17.54 
-91.38 0.20 -52.37 -8.35 92.42 -10.77 10.98 
-259.53 0.47 -150.08 -22.49 267.60 -33.56 30.14 
-268.77 0.66 -150.76 -34.60 263.25 -23.69 29.68 
-211.76 0.63 -144.06 31.00 282.36 -77.34 29.06 
-109.23 0.90 -65.19 -6.55 117.14 -18.06 13.34 
-185.98 0.34 -76.33 -88.79 98.42 48.01 14.96 
