500
 118.72   92.90
 118.04  202.72
 122.94  414.09
 126.13  102.25
 123.01  178.39
 118.92  483.91
 123.58  407.02
 124.04  126.65
 120.78  499.89
 117.40   50.59
 125.18  224.23
 123.09  214.08
 121.19  212.14
 119.84   73.72
 120.50  223.67
 118.66  314.50
 117.80  494.27
 129.33  125.55
 121.79  189.96
 114.35  147.80
 120.56  159.92
 128.30  110.43
 120.31   30.97
 131.89  235.71
 119.10  136.95
 119.24  436.99
 117.83  273.73
 128.82  458.78
 120.10  487.49
 125.09  301.00
 114.76   77.11
 120.14  464.74
 126.30  304.91
 116.60  444.14
 123.25  223.75
 125.74  311.48
 131.89   53.97
 126.21  463.89
 127.73  328.20
 121.23   70.16
 120.11  356.11
 123.28  209.99
 118.53   60.75
 128.61  122.95
 126.88  139.42
 127.81  128.79
 129.30  357.44
 122.46  381.99
 120.11  282.70
 125.63  285.67
 128.76  322.67
 127.29  493.02
 127.73  324.45
 130.53  308.22
 124.48  456.41
 129.02  294.00
 122.94  181.00
 126.95  479.43
 115.98  231.16
 130.71  308.74
 114.13  365.73
 124.03  345.81
 121.27  122.12
 117.21   59.18
 124.68  151.75
 124.66  436.41
 130.06  288.49
 123.68  243.02
 125.89  226.54
 124.22  391.51
 130.34  333.88
 128.65  335.71
 123.05   97.29
 123.62  227.54
 131.90  262.44
 121.80  200.16
 127.29  250.58
 118.61  184.36
 119.19  393.03
 127.31  204.29
 126.24  361.55
 128.29  250.85
 119.83  370.01
 128.09  470.03
 123.86  268.28
 122.76  453.47
 131.45  124.73
 130.19  439.15
 111.74   59.69
 124.78  243.39
 118.75   30.53
 121.50  407.97
 119.83  106.02
 131.12   99.39
 129.21  107.17
 125.78  351.89
 126.52  122.61
 125.29  163.09
 126.42  388.80
 124.26  260.55
 122.11  456.54
 125.54   47.77
 121.45  229.64
 121.03  294.68
 121.65  291.23
 122.56  415.43
 123.04   80.53
 135.66  164.06
 116.88   21.02
 117.64  476.53
 124.23  387.82
 122.75  380.63
 119.35   86.66
 124.63  187.67
 126.76   92.64
 117.23  258.43
 120.96  408.15
 116.56  323.78
 123.42  350.43
 123.82  326.99
 126.41  370.07
 117.57  432.73
 124.49  320.94
 122.28  106.68
 129.96  295.19
 124.53   98.51
 120.31  454.90
 121.86   57.12
 120.32  182.50
 130.20  298.70
 120.44  248.11
 114.97  406.55
 121.99  274.77
 128.72  129.11
 126.32  360.55
 123.82   91.34
 131.93  335.90
 120.06  324.31
 124.30  130.07
 118.64  107.47
 119.06   99.85
 121.28   91.81
 126.24  117.32
 133.27  478.38
 126.99   27.64
 117.64  479.61
 121.97   32.33
 120.23  486.13
 121.54  162.85
 128.90  272.04
 124.89  433.92
 127.96  450.27
 126.02  110.73
 119.04  337.15
 127.65  471.79
 116.25  488.34
 127.00   71.81
 126.00  105.87
 128.50  378.34
 115.90   43.74
 121.98   54.22
 123.09  254.78
 123.50  427.95
 127.38  498.58
 126.50   22.11
 126.26  280.45
 123.89  433.45
 131.38  456.39
 121.37  425.77
 123.51  441.86
 120.12  378.17
 122.69   76.39
 126.63  264.33
 116.86  101.04
 123.95  418.93
 119.33  465.45
 126.94  101.35
 113.17  444.19
 113.22  206.17
 131.12  203.63
 122.25  150.30
 113.16  436.58
 114.57  375.92
 122.57  234.98
 124.54  360.63
 124.69  473.28
 128.33  103.58
 124.66  137.41
 122.63  327.65
 128.24  408.13
 133.29  429.62
 123.13  211.10
 121.80   75.44
 128.19   58.53
 120.46  193.02
 115.58  417.87
 122.47  123.01
 124.23  399.70
 123.73  334.25
 117.41   32.55
 120.02  397.17
 119.60  462.83
 127.78  256.31
 122.35  420.33
 126.25   83.05
 125.99  384.70
 122.04  464.35
 113.10  419.70
 124.81  144.51
 126.52  122.25
 119.24  270.71
 122.92  210.73
 120.79  249.97
 131.51  497.07
 122.85  310.15
 124.02  473.56
 117.76  255.41
 119.32  230.21
 116.22  390.87
 126.64  377.15
 126.04  232.59
 118.86   45.44
 137.44   62.15
 127.60  403.03
 125.03  334.68
 132.58   35.52
 110.72  287.39
 122.54  365.50
 122.88   73.00
 124.00  123.99
 117.81  409.29
 125.65   86.56
 111.91  443.31
 123.54  463.31
 125.19   26.12
 122.80  201.04
 124.82  100.55
 119.18  279.31
 125.75   68.80
 121.13   38.85
 114.70  467.95
 121.45  486.36
 119.90  193.25
 117.88  329.22
 125.52   52.61
 123.20  119.80
 121.73   39.01
 120.26  245.29
 131.38   92.05
 128.87  495.83
 122.05  224.99
 123.43  478.58
 130.56  367.64
 131.97  298.83
 128.51  279.32
 121.37  358.61
 120.09   22.41
 126.76  395.61
 118.68  464.89
 117.65   23.98
 121.22  415.82
 127.78  388.32
 123.80  498.63
 124.22  129.27
 128.62  461.38
 124.17  328.16
 117.31   70.55
 127.21  148.72
 125.38  386.65
 122.56  406.64
 120.93   70.04
 120.28  245.48
 122.88  125.15
 119.00  462.90
 120.44  173.75
 115.57  431.62
 120.41  144.73
 119.53  441.47
 125.89  110.37
 130.27  384.41
 128.18   35.21
 128.23  328.32
 126.38  292.10
 125.73  200.68
 126.75  122.02
 119.35  400.24
 127.17   89.81
 117.01  254.79
 126.09   26.17
 118.84  109.57
 118.15  252.91
 120.73  422.35
 116.49   87.71
 123.08  371.46
 128.55  351.71
 121.75   36.56
 125.48  254.65
 123.81  486.27
 129.06   73.98
 122.21  376.74
 124.46  326.50
 135.34  305.21
 128.73  259.34
 118.33  292.57
 128.60  224.72
 118.38   56.59
 123.05  159.48
 124.45  289.44
 127.35  324.00
 121.01  466.77
 125.69  489.33
 131.85   64.93
 113.47  337.63
 117.62  309.33
 128.97  247.43
 121.53  191.00
 122.81  248.28
 127.62  342.09
 134.12  480.63
 116.49   62.76
 118.46  402.92
 122.61  303.57
 123.00  457.85
 123.53   68.54
 121.44  160.78
 129.10   44.76
 118.45  261.98
 124.02  388.82
 127.95  155.83
 124.88  128.17
 119.89  179.02
 123.60  237.56
 121.41  373.94
 120.00  264.75
 129.77  203.61
 122.01  454.63
 120.11  483.32
 119.22  321.57
 123.61   83.37
 115.52  316.78
 114.77  203.85
 123.96  495.77
 116.55  157.68
 121.00  358.97
 126.88  276.90
 127.61  112.74
 130.72  350.93
 117.95   44.22
 127.28  108.53
 124.63   41.92
 129.26  444.82
 124.10  423.10
 127.08   76.71
 128.70  217.00
 120.94   77.71
 120.69  294.60
 116.35  475.71
 122.56  143.06
 124.78  495.14
 119.28  187.91
 123.36  120.09
 121.22  339.60
 120.84  487.21
 126.90  318.90
 127.08   50.50
 128.74  199.28
 117.58   99.80
 122.32  131.01
 126.28   45.06
 116.53  452.84
 132.63  400.78
 124.17  199.05
 120.27  419.39
 128.16  381.84
 124.89  318.49
 123.55  209.16
 119.60  192.45
 114.17   62.65
 118.18  184.00
 119.77  283.36
 125.26  241.06
 126.07  329.82
 119.07  266.49
 127.14  410.92
 126.34   66.65
 122.37  242.58
 118.24  303.11
 127.46  109.84
 122.35  313.44
 117.93   44.93
 124.26  296.35
 125.62  424.33
 115.69  259.87
 132.33  230.73
 112.25   91.55
 114.82   33.57
 129.12  383.20
 124.63  402.13
 120.86  160.91
 123.06   75.30
 126.66  200.04
 118.66  417.87
 127.64  424.05
 126.49  339.31
 122.77  480.87
 123.96  472.70
 119.86   74.10
 118.72  331.18
 121.06  250.79
 128.14   51.93
 121.80  450.93
 120.74  258.67
 118.10  390.23
 117.33   48.97
 123.11  145.98
 128.20  332.51
 129.16   84.13
 125.80  326.50
 121.45  204.77
 121.16  387.54
 124.83  333.40
 127.69  203.11
 127.87  164.01
 112.41  183.27
 122.77  461.08
 118.17  239.01
 120.64  232.40
 131.68  238.01
 119.11  473.74
 114.58  125.18
 123.89  443.55
 122.38   29.54
 120.92  184.05
 127.40  387.69
 125.83  184.55
 124.88  317.03
 121.62  237.45
 124.75   24.88
 121.54  307.56
 123.93  308.75
 125.88  331.72
 124.70  184.51
 119.64  256.78
 120.31  356.85
 117.80  446.15
 127.99   46.43
 122.87   67.21
 119.72  331.90
 126.39  386.75
 120.45  494.22
 125.23   80.16
 130.58  194.95
 127.69  344.59
 122.20  200.36
 122.43  434.46
 132.69  160.15
 122.15   84.07
 124.51  342.87
 124.63  117.24
 127.62  436.89
 124.08  380.56
 124.83  221.30
 124.61   20.11
 136.45   91.74
 127.38  151.44
 118.62  438.76
 116.91  308.60
 114.93  174.17
 132.20  156.46
 118.91  228.95
 127.96  453.80
 125.67  464.05
 115.37  262.54
 133.11  321.24
 125.76  365.25
 132.10   31.48
 124.71  295.97
 123.90   42.34
 117.90  222.82
 123.19  244.51
 123.69   30.86
 115.39   51.24
 122.91  463.50
 123.82  276.39
 119.39  196.06
 125.05  194.69
 116.94   92.66
 120.13   91.81
 123.53  188.39
 119.97  181.26
 125.11  396.33
 121.19  253.63
 118.63  243.10
 127.66   83.00
 126.00  445.47
 125.86  343.79
 126.43  420.88
 128.05  335.11
 127.95  492.28
 123.17  490.30
