500
 140.07  249.79
 319.79  248.69
 369.56  243.29
 259.12  249.44
 427.92  239.10
 111.64  251.91
  79.59  250.80
  21.34  245.09
  93.42  247.02
 276.40  249.90
 265.10  243.36
 204.90  247.73
 169.09  248.44
  21.71  246.86
 411.32  237.90
 326.44  243.32
 235.20  235.12
 137.16  243.08
 405.62  241.05
 415.51  244.52
 429.05  246.89
 244.28  249.15
 485.94  244.28
 423.80  245.20
  57.70  250.07
 134.05  251.48
 412.43  246.09
 214.80  249.31
 243.83  241.35
 476.74  252.93
 483.20  241.69
 387.34  241.16
 295.78  247.69
 459.64  244.67
 257.81  237.07
  99.69  250.39
 176.48  248.48
 162.29  253.24
 287.98  246.47
  52.39  248.52
  53.11  239.24
 100.06  254.30
 474.77  256.86
 409.32  243.09
 361.02  241.53
 485.72  250.00
 499.24  239.32
 493.98  245.77
  92.04  244.33
 480.07  249.13
 274.62  235.16
  55.56  245.62
 169.67  246.31
 449.68  236.14
 420.69  244.21
  21.13  248.15
 327.30  238.62
 405.53  243.50
 137.66  245.98
  50.78  242.39
 146.31  252.87
  69.31  248.85
 252.19  242.11
 221.06  246.66
 203.02  250.64
 445.65  246.24
 221.87  247.78
 156.25  248.22
  43.13  248.70
 125.20  238.39
 134.80  241.62
  34.04  243.24
 357.11  237.01
  23.67  237.99
 313.24  246.79
 215.88  246.79
 139.49  249.62
 333.18  246.83
 173.73  241.17
  69.76  244.92
 277.07  241.42
  99.14  249.34
 444.05  237.45
 339.90  249.30
 426.92  247.49
 386.08  248.87
 407.37  242.11
 323.82  245.99
 361.01  244.79
 350.56  237.45
 174.05  247.42
 275.19  247.21
 439.13  241.28
  46.18  251.20
 260.19  236.17
 227.73  242.95
 454.06  243.05
 322.49  241.43
 491.86  241.68
 300.90  247.42
 423.51  240.63
 245.03  245.34
 281.71  242.87
 105.97  244.36
 324.54  254.66
 482.22  242.29
 276.33  249.43
 250.21  245.19
 400.96  245.16
  64.50  235.49
 442.78  250.10
  21.86  245.77
 265.53  242.83
 345.66  245.19
 291.56  244.45
 249.66  254.16
 173.85  239.47
 308.76  242.19
 458.31  246.31
 347.61  254.27
 474.43  246.29
  67.56  250.56
 265.29  248.76
  72.86  248.59
 281.73  251.44
 350.62  256.46
  90.76  245.74
 393.23  243.55
 211.54  245.94
 451.18  243.48
 167.38  233.44
  49.30  244.42
 125.35  245.84
  59.76  243.17
 476.19  243.92
  27.86  251.18
  75.04  245.41
  25.96  244.85
 123.79  241.69
  25.49  242.21
 328.38  244.50
 268.16  245.64
 137.86  246.94
 113.00  253.18
  63.62  251.78
 196.85  239.01
  23.74  253.78
 309.30  240.07
 249.85  257.86
 167.90  246.00
 377.33  242.81
 422.89  234.89
 145.97  243.01
 266.83  252.71
 234.45  242.94
 183.78  242.75
 422.79  238.43
 491.60  239.13
 320.70  242.11
 107.01  246.80
  79.05  234.69
 298.38  248.34
 177.70  242.59
 148.73  249.02
 284.11  244.98
 106.65  242.79
 345.68  247.51
  46.73  247.53
  36.35  255.13
 157.53  238.49
  57.15  241.49
 452.27  238.88
 426.37  242.15
 209.94  242.47
 101.22  242.79
 226.62  242.66
 219.78  242.45
 369.81  243.81
 215.11  247.14
 476.87  250.57
 457.75  243.18
 476.68  254.14
 186.08  249.36
 159.32  251.10
 445.62  240.10
 120.81  235.86
  82.82  246.63
 269.85  246.72
 454.62  236.50
 213.21  237.57
 123.57  246.76
  57.79  250.18
 467.87  251.78
 309.38  240.41
 201.20  248.02
 339.17  248.07
 400.25  244.84
 180.08  239.74
 352.48  239.48
 117.83  248.70
 480.18  236.59
 361.68  243.53
 100.12  245.70
 232.53  250.46
 323.84  243.20
 466.38  238.04
 274.08  246.74
 320.71  241.40
 346.79  253.89
 463.13  240.66
  93.36  245.86
 214.75  255.21
 169.99  250.27
 353.07  244.92
 447.53  247.40
 255.52  257.01
 406.80  252.00
 176.69  238.36
 283.94  245.92
 206.62  250.32
 450.48  237.33
 344.54  246.44
 417.63  244.66
  72.84  246.44
 154.03  240.97
 388.47  235.87
 123.71  239.64
  36.35  254.37
 229.54  244.35
 469.69  240.24
 145.80  252.34
 293.48  249.59
 192.59  240.69
  32.88  250.37
 260.20  250.55
 416.97  241.13
 144.31  247.70
  42.02  243.15
 138.31  251.25
 337.15  238.69
 178.12  242.96
 336.56  249.10
  26.24  244.60
 364.67  247.88
 207.74  253.69
  36.08  242.87
 214.89  239.52
 363.83  252.81
 462.24  242.81
 492.33  246.59
 492.04  242.09
 450.23  237.16
 435.54  240.26
 404.46  251.56
 286.39  242.92
 221.06  244.25
  81.02  246.50
 334.22  250.88
 434.70  245.76
 151.81  243.71
 423.28  240.74
  53.96  247.91
 201.82  234.56
 148.72  239.13
  93.40  248.68
 322.88  247.23
 171.86  238.62
 480.37  247.69
 259.36  247.35
 374.53  239.08
  26.12  244.64
 310.57  253.01
 296.70  242.53
 407.54  238.26
 334.38  245.79
 441.55  242.20
 453.14  243.21
  93.07  247.05
 112.44  244.73
 399.67  243.09
  49.14  239.84
 207.12  240.90
 163.98  239.88
 372.41  241.97
  70.02  253.80
 400.44  245.74
 395.71  242.25
 275.55  244.36
 141.61  246.23
  54.06  246.38
 320.39  246.59
  31.85  250.45
  49.78  243.28
  82.21  246.78
 236.29  241.91
 342.72  235.71
 430.93  242.14
 259.25  252.09
  43.42  243.23
 170.64  250.11
 327.98  248.01
 397.47  242.01
 158.79  254.57
 258.98  249.37
 412.85  249.51
 305.66  240.45
 277.48  241.76
 178.82  248.23
 217.61  251.00
 401.12  244.87
 184.74  253.56
 242.05  244.36
 196.56  248.59
 346.19  245.02
 292.53  250.47
 332.85  243.36
 255.73  244.84
 211.26  237.46
 249.19  246.51
  51.96  245.45
 217.29  247.64
 485.16  246.69
 394.75  241.65
 369.93  248.32
 387.51  258.05
 383.16  241.79
 424.77  249.66
 389.68  242.11
 489.76  240.46
  73.45  239.39
 210.12  247.88
 256.19  245.17
 143.89  249.37
  37.74  244.05
 487.70  239.12
 368.68  244.01
  91.02  244.63
  90.99  248.06
 358.32  238.95
 202.88  235.78
  56.68  247.29
 217.20  241.12
  88.64  242.55
 403.48  247.75
 466.52  245.09
  22.27  245.82
 332.02  250.92
 345.70  250.33
 141.74  245.02
 424.73  242.34
 161.10  239.03
  32.89  246.58
  64.79  256.57
 402.98  250.24
 361.47  246.12
 396.04  239.51
 319.48  238.87
 416.20  242.35
  36.81  226.29
 214.63  247.09
 139.84  251.22
 250.83  245.55
 442.80  243.36
 154.73  251.76
 307.59  242.86
  32.59  242.10
  94.50  249.63
 420.28  245.03
 113.55  241.83
 418.30  249.29
 182.28  242.60
 342.14  252.45
  45.14  241.85
 372.47  242.03
 259.75  241.86
 472.78  246.78
 159.09  251.53
 200.75  246.83
  74.60  248.86
 483.13  251.28
 227.61  244.36
  60.59  249.74
 364.00  244.38
 263.26  255.50
 177.48  246.30
 381.69  242.27
 421.28  245.50
 141.78  241.34
 276.52  237.38
 228.88  246.75
  95.70  246.16
 308.23  248.27
 469.98  240.78
  71.72  240.97
 451.99  242.55
 284.22  239.97
 225.13  258.46
  93.14  246.86
 138.82  241.73
 234.74  247.12
 275.74  251.15
 190.23  248.39
 391.10  249.58
 443.21  247.40
 372.36  237.46
 215.09  241.20
 310.01  250.30
 327.73  244.01
  81.18  246.30
 258.17  247.77
 169.03  239.89
 297.72  245.95
 472.93  242.83
 224.93  237.63
  35.90  246.97
 466.13  240.78
 463.99  242.49
 191.99  238.30
 144.79  241.99
 397.69  247.20
 265.56  252.86
 290.01  239.34
 348.70  246.73
  64.35  247.62
 438.84  250.22
 472.61  251.30
  66.37  239.47
 426.02  245.31
 456.51  251.15
  25.44  247.73
 271.37  252.00
 332.17  251.08
 204.87  256.72
 331.66  231.90
 386.17  243.34
 296.33  243.31
 323.32  237.88
 153.54  242.39
 423.12  252.11
 224.88  245.30
 323.18  249.80
 420.06  253.17
 149.69  243.55
 212.38  242.95
 286.04  238.41
 233.06  243.61
  63.38  241.43
 377.30  243.90
  35.66  243.87
 226.28  241.36
  37.89  239.28
 488.38  243.11
 270.72  245.07
 456.62  240.52
 203.96  246.76
 444.54  244.28
 142.41  243.70
 456.34  249.56
 449.39  256.53
 211.29  249.24
 320.01  248.21
 292.45  245.02
 449.37  245.65
 122.80  247.91
  21.85  242.24
 442.68  237.54
 132.86  247.15
 137.54  241.49
 327.64  246.97
 166.17  240.85
 416.30  238.73
 444.17  237.98
 473.78  246.41
 207.58  254.77
 404.63  246.00
  95.41  247.45
 320.08  245.72
 355.51  246.15
  61.22  256.83
 274.97  241.09
 446.51  244.21
 146.56  241.63
 132.70  248.57
 423.04  246.28
 257.86  243.36
  93.14  248.71
 130.77  239.97
 335.82  245.60
 290.22  246.00
 160.08  252.87
 318.71  247.69
 363.63  245.17
 154.75  238.29
 217.89  237.65
 193.86  247.95
 395.07  241.50
  85.03  243.79
 452.99  240.65
 159.03  245.91
 259.79  246.14
