500
  84.93  154.15
  62.63  221.45
  48.06  259.97
  95.12  117.71
  90.08  141.33
  64.01  216.72
  69.80  203.12
  66.96  204.65
  36.62  309.68
  44.10  278.31
  57.67  242.21
  38.44  293.55
  87.54  146.55
  35.58  306.71
  38.07  298.56
  33.66  303.43
  38.21  287.70
  54.86  239.94
  44.89  268.26
  93.87  128.69
  54.42  244.69
  34.79  303.80
  92.39  126.02
  98.38  118.76
  55.11  246.87
  28.89  322.88
  40.65  293.17
  52.70  247.54
  67.59  209.30
  40.98  288.81
  68.23  207.06
  76.90  175.66
  37.74  298.41
  29.39  319.25
  43.73  274.32
  45.50  267.48
  53.93  253.39
  60.63  223.88
  26.84  328.61
  41.00  280.96
  84.08  156.27
  22.34  326.83
  94.31  121.64
  78.43  167.59
  59.09  227.66
  66.28  210.09
  38.98  291.43
  56.71  249.60
  97.05  116.00
  63.74  217.52
  61.69  217.08
  38.53  292.03
  59.11  225.97
  69.92  200.38
  74.33  191.27
  51.64  257.10
  49.39  258.31
  99.04  104.73
  23.02  348.24
  90.81  147.81
  93.06  131.41
  83.69  153.97
  27.90  332.30
  40.95  284.19
  46.83  267.17
  74.38  191.30
  30.92  310.30
  77.70  167.12
  28.54  326.48
  72.30  195.10
  59.53  231.87
  82.32  165.51
  77.20  183.80
  92.30  137.96
  91.27  133.34
  46.73  273.85
  75.90  183.17
  35.82  300.00
  22.44  336.70
  79.53  174.66
  60.00  228.23
  58.39  235.05
  92.38  128.90
  68.79  195.88
  69.41  202.62
  88.76  143.42
  84.44  162.68
  66.14  215.60
  34.63  311.37
  39.19  288.67
  90.92  132.56
  22.29  336.77
  59.19  234.91
  33.43  323.64
  98.29  118.75
  77.02  175.09
  60.04  234.07
  57.69  231.30
  24.77  328.57
  74.56  189.91
  23.39  335.93
  25.72  334.43
  61.73  231.84
  27.74  328.79
  85.45  158.29
  85.40  145.76
  77.80  179.92
  31.99  324.72
  72.77  194.40
  61.49  217.83
  97.84  115.47
  71.92  191.74
  84.03  159.84
  56.30  243.15
  54.59  248.25
  86.03  150.11
  26.68  326.97
  30.65  315.09
  33.87  312.65
  51.28  246.91
  86.51  149.43
  84.27  158.54
  24.84  332.22
  51.94  256.56
  62.15  223.19
  53.34  245.28
  72.55  193.16
  70.24  197.95
  43.36  277.87
  54.53  242.85
  21.24  346.59
  98.73  104.59
  33.37  307.89
  28.50  321.79
  49.79  256.06
  35.85  305.72
  59.18  228.80
  47.16  271.22
  96.13  126.49
  93.63  128.34
  24.21  338.75
  79.03  176.11
  41.53  285.01
  53.83  251.22
  63.83  212.20
  95.42  129.30
  53.42  244.79
  98.64  104.92
  44.12  284.57
  76.09  181.42
  73.31  192.32
  63.13  218.79
  75.85  177.35
  73.32  174.67
  34.25  310.38
  30.24  317.84
  99.93  109.23
  33.69  310.96
  22.61  335.08
  64.90  211.66
  90.55  144.09
  73.53  192.39
  35.23  297.89
  49.51  250.44
  56.86  236.57
  98.53  115.48
  32.51  317.17
  88.44  145.14
  71.58  189.64
  50.10  261.23
  35.27  298.32
  54.26  242.41
  58.56  231.05
  29.65  314.91
  67.16  207.16
  38.10  291.22
  50.77  256.26
  66.64  207.77
  40.14  287.52
  43.24  277.78
  69.37  208.06
  41.22  289.38
  85.95  152.45
  98.61  106.83
  78.42  166.61
  47.51  257.65
  66.73  222.85
  28.62  329.00
  92.50  133.77
  90.37  134.01
  85.42  148.01
  40.86  290.16
  67.55  215.18
  21.80  336.13
  54.02  245.69
  45.02  274.53
  32.92  301.28
  34.30  311.30
  53.83  246.43
  27.54  336.95
  67.88  204.40
  57.67  239.02
  75.68  177.26
  75.99  178.90
  71.08  190.91
  22.69  343.90
  25.50  340.00
  45.57  270.33
  62.47  224.77
  72.36  190.41
  52.61  252.68
  85.60  159.19
  77.47  178.20
  97.49  112.34
  62.51  218.19
  46.01  271.12
  28.45  323.69
  68.88  199.04
  82.30  163.99
  53.88  254.70
  27.27  326.95
  41.32  285.02
  32.29  302.11
  42.48  278.69
  55.21  237.41
  62.17  221.55
  56.59  242.85
  90.03  147.53
  61.44  234.66
  95.49  122.95
  71.02  195.35
  96.62  124.24
  39.26  294.68
  74.09  191.56
  43.13  284.52
  73.74  181.36
  75.61  185.87
  25.44  333.22
  40.38  285.05
  37.92  292.76
  73.43  196.13
  87.55  143.30
  47.56  261.14
  82.44  163.75
  74.03  197.97
  20.54  348.52
  68.17  207.02
  50.94  252.48
  93.28  138.53
  20.09  350.35
  57.00  241.66
  53.95  243.40
  56.87  243.65
  81.61  167.11
  45.80  266.83
  82.78  161.86
  57.71  234.62
  22.86  341.96
  34.07  306.54
  77.74  175.83
  57.88  231.20
  32.22  311.73
  47.29  271.96
  68.59  212.95
  35.34  298.18
  79.07  184.66
  39.43  299.35
  93.39  130.66
  41.52  283.92
  81.24  162.79
  35.09  308.88
  43.00  277.53
  27.29  325.82
  66.10  216.13
  74.67  188.17
  63.73  223.30
  54.06  250.35
  71.56  193.33
  71.81  192.00
  74.32  191.02
  70.86  194.06
  95.61  129.09
  36.71  303.81
  76.74  181.21
  38.90  293.32
  29.55  323.17
  68.58  221.88
  56.01  241.40
  56.70  232.12
  72.96  200.71
  81.62  168.18
  48.02  262.71
  72.96  204.20
  53.29  252.88
  87.35  149.41
  86.63  146.21
  40.52  283.13
  69.08  193.93
  66.58  208.15
  63.26  214.96
  89.60  144.45
  41.18  284.86
  45.45  282.51
  29.54  328.94
  95.19  125.26
  71.64  193.65
  58.36  240.69
  71.15  190.83
  63.58  222.64
  71.78  191.30
  63.51  217.47
  77.68  173.59
  61.80  227.48
  99.50  107.62
  37.49  292.20
  28.46  327.37
  28.78  321.56
  25.09  336.55
  52.37  251.14
  55.87  243.74
  49.27  249.38
  81.08  169.09
  70.23  208.57
  81.76  169.92
  94.63  130.67
  97.82  115.34
  35.36  304.82
  31.11  317.89
  75.70  183.38
  27.51  323.33
  62.03  222.14
  62.43  221.84
  88.89  140.92
  58.79  237.82
  51.48  268.26
  73.71  182.24
  79.30  172.74
  61.60  217.98
  47.82  273.06
  32.00  321.05
  66.89  201.03
  40.97  296.80
  23.56  333.91
  80.39  169.95
  39.42  297.23
  55.39  244.56
  75.02  196.41
  48.74  277.55
  78.91  173.97
  51.58  245.73
  74.67  184.16
  76.32  176.79
  55.38  240.02
  21.57  339.66
  46.47  270.99
  53.94  258.70
  41.62  281.56
  35.76  301.30
  85.74  158.62
  54.39  252.88
  91.02  139.36
  51.29  261.25
  81.53  169.77
  51.74  252.86
  84.68  158.10
  80.41  167.29
  50.19  254.93
  37.28  301.33
  83.23  160.64
  95.94  121.23
  46.21  272.84
  73.70  193.84
  55.09  246.69
  86.68  150.93
  81.51  166.87
  33.38  310.12
  88.96  139.25
  99.19  116.36
  61.15  233.58
  90.74  135.10
  67.04  218.51
  32.38  311.98
  35.99  300.81
  52.56  247.84
  79.90  166.35
  86.05  147.10
  83.20  162.18
  45.48  281.54
  62.73  224.46
  27.20  332.68
  28.94  329.90
  30.90  304.79
  74.29  186.29
  59.61  232.92
  35.18  308.06
  59.60  224.67
  31.81  309.54
  24.40  340.76
  88.06  145.25
  64.84  218.23
  94.37  122.09
  75.73  174.63
  66.62  213.94
  85.23  160.27
  90.32  147.20
  99.11  105.00
  20.04  343.19
  89.24  134.93
  69.01  202.78
  99.20  109.33
  62.21  229.93
  58.36  227.64
  84.11  148.96
  38.23  296.34
  59.85  236.42
  92.07  129.78
  65.97  205.75
  87.61  146.41
  79.09  164.54
  66.88  209.45
  39.74  294.93
  73.31  191.15
  26.68  320.42
  70.08  197.09
  72.88  189.86
  78.38  183.93
  91.26  140.79
  98.58  113.96
  81.52  171.98
  66.52  205.23
  94.27  125.46
  66.41  217.84
  21.36  353.44
  29.67  324.65
  89.02  145.40
  58.74  230.84
  87.59  150.96
  36.75  295.60
  64.18  220.32
  70.39  200.24
  22.56  348.02
  69.18  200.34
  48.99  266.20
  23.96  342.08
  59.17  228.01
  35.40  304.58
  29.85  328.45
  36.44  301.24
  31.72  313.29
  35.13  306.91
  23.41  338.39
  70.82  199.77
  42.55  281.68
  63.09  220.65
  75.61  185.46
  59.93  237.02
  62.86  223.67
  55.61  251.40
  29.91  310.11
  59.23  230.07
  88.24  146.46
  89.91  136.08
  41.62  278.75
  36.68  303.05
  65.20  217.47
  71.22  197.77
  53.36  251.89
  36.48  296.21
  95.83  120.01
  26.57  329.77
  28.46  321.19
  31.36  317.57
  33.32  321.88
  69.68  198.56
  65.90  215.55
  24.17  332.33
  94.50  133.21
  78.29  170.28
  79.03  173.96
  25.07  331.69
  88.84  146.05
  94.75  125.80
  98.75  113.52
  88.72  158.60
  82.84  158.32
  61.07  226.56
  34.21  320.79
  51.89  248.61
  30.71  320.62
  22.47  337.20
  95.13  129.76
  44.10  279.32
  43.64  282.33
  46.63  268.70
  57.37  239.13
  71.86  201.79
  22.02  332.57
  87.38  139.70
  64.72  217.91
  88.33  141.74
