100
 172.21   33.41
 185.87   48.36
  69.05   24.54
 187.01   44.81
 144.85   36.11
  64.63   29.92
  91.77   28.93
 132.03   39.61
 193.63   48.87
 194.73   53.87
  73.64   28.60
 195.59   34.73
 193.58   40.97
 122.81   42.74
 170.04   36.74
  71.28   34.07
 113.26   35.34
 187.36   51.54
 168.83   32.14
 193.92   44.22
 148.36   33.25
  55.36   41.74
 177.37   47.18
 190.10   51.61
 151.81   34.44
 163.66   38.93
 161.47   39.63
 108.83   39.64
 148.32   37.89
  75.68   33.35
 155.91   30.01
  54.77   25.35
  91.54   27.78
  56.93   19.52
  64.57   30.93
 173.52   43.97
 154.22   40.22
  97.56   26.02
 192.53   50.67
  55.17   28.92
 115.81   33.56
 107.23   34.05
 164.83   40.12
 169.28   33.26
  78.03   28.72
 123.46   31.89
 116.84   30.29
 146.95   33.32
 156.40   37.66
 163.20   31.20
  91.40   36.70
 151.96   42.35
 148.26   39.17
  74.39   29.50
  67.85   24.83
 124.75   41.31
 193.96   44.55
 101.06   29.56
 137.79   44.67
  83.57   29.74
 162.69   38.20
  88.26   30.01
 125.89   32.13
 154.86   34.53
 183.64   56.50
 193.89   53.48
 132.08   38.71
  70.79   22.92
  72.39   25.08
  88.63   30.64
 176.11   46.85
  88.14   24.80
 172.14   30.73
  86.53   24.00
 189.39   46.29
 102.50   35.28
  79.49   32.59
  87.66   30.74
 142.41   39.43
 120.99   33.35
 102.75   37.67
 174.62   35.89
 137.79   40.19
 132.46   32.98
 187.58   42.71
  92.88   34.84
 163.58   46.46
 163.06   35.61
 107.07   40.22
 135.17   40.87
  61.38   27.64
  58.09   26.58
 129.62   35.76
 166.88   40.18
 190.10   44.83
  69.49   29.29
 135.32   41.72
 120.41   43.29
  51.79   29.07
 100.57   32.03
