100
-114.31 -772.41
 -21.89 -515.29
 -88.84 -695.58
  38.69 -348.78
-177.94 -945.95
  97.82 -195.47
  32.81 -373.09
-197.79 -1000.19
  66.68 -271.58
  59.24 -296.46
   9.28 -438.35
  65.50 -287.15
 -60.31 -623.11
 -88.53 -705.99
-175.09 -941.69
  99.17 -192.96
  60.95 -299.38
-199.98 -1002.86
   3.99 -444.75
  -3.54 -452.01
 -76.46 -674.59
 -57.09 -595.43
 -83.52 -684.15
 -64.38 -640.60
-191.97 -971.83
 -72.41 -651.60
-168.26 -919.71
-187.07 -963.81
 -33.16 -563.88
 -16.61 -530.47
  21.65 -398.50
-122.92 -802.73
  17.88 -405.38
  13.98 -416.24
 -48.87 -581.77
  67.83 -270.40
  33.82 -360.98
 -51.54 -601.94
  28.45 -360.77
   0.11 -457.02
  93.43 -203.73
-164.88 -891.98
  60.80 -306.28
 -29.64 -509.72
-163.95 -914.84
  91.10 -199.76
  51.99 -306.27
-181.31 -956.20
-116.58 -794.48
 -77.11 -677.34
 -11.96 -490.68
  75.73 -250.88
 -75.45 -660.57
  13.45 -428.39
  91.26 -214.17
 -69.36 -629.37
  -9.39 -481.05
  70.47 -271.85
  61.48 -293.83
-157.19 -874.83
-139.82 -840.69
 -13.72 -488.68
  32.51 -380.26
-125.96 -807.19
 -89.16 -708.75
 -97.67 -741.87
 -63.08 -616.03
-148.75 -849.24
  23.68 -402.91
-170.61 -915.37
  67.08 -265.33
-175.37 -942.06
  34.46 -376.75
  54.60 -316.71
 -64.74 -625.03
 -18.40 -506.82
 -93.66 -714.48
  27.73 -374.12
 -23.17 -533.52
 -16.53 -515.11
  52.95 -316.84
 -62.90 -626.11
  64.84 -281.80
 -51.93 -609.65
 -13.14 -499.58
 -31.35 -547.19
  16.50 -413.56
 -35.97 -555.59
  35.33 -362.41
 -66.09 -645.91
  73.57 -255.73
-174.02 -919.37
  99.68 -192.85
  18.27 -414.10
 -32.48 -542.64
-157.15 -892.58
  51.29 -304.13
  17.57 -420.43
 -74.79 -661.70
-118.05 -786.57
