500
 -94.79  306.89
  80.60   38.67
  78.32   48.49
 -23.69  193.04
-169.47  416.39
 -89.94  296.56
-117.25  328.87
-120.17  337.65
-132.04  363.08
-199.60  453.72
  67.90   57.38
 -63.95  251.05
 -26.47  194.81
-105.32  313.37
  98.21   16.81
  95.17   17.28
  89.36   27.82
  -0.12  157.40
  17.85  132.61
 -99.79  313.87
 -43.17  218.31
-117.99  333.20
  15.51  141.83
  33.41  118.36
-175.68  419.21
-133.53  362.49
-138.81  361.98
 -12.77  182.44
  17.56  134.32
  50.31   79.47
-194.33  454.04
-139.36  375.37
 -59.27  248.12
 -86.48  285.23
 -97.88  301.23
-180.84  425.06
  28.40  119.39
 -79.20  280.50
   2.29  152.65
 -34.68  215.79
-184.56  431.52
-107.75  329.06
  89.63   14.91
  79.44   39.47
 -86.59  293.65
 -14.70  182.11
 -31.24  207.11
  49.17   83.71
  87.31   38.86
-177.35  423.72
  66.41   63.88
 -31.27  212.96
-141.69  370.84
-133.56  367.59
  11.73  144.63
 -20.97  184.02
 -24.11  193.81
  90.55   23.45
 -25.48  201.41
-170.06  418.65
-150.02  388.51
-169.37  406.82
-156.13  386.56
   1.47  164.52
  -8.04  176.18
 -88.27  294.46
-151.14  394.44
 -83.14  293.95
  39.99   96.15
 -80.06  280.30
  26.54  122.35
-111.44  327.76
  -8.00  173.01
  65.54   62.67
-137.11  371.09
 -55.89  230.10
-166.10  409.13
-160.29  399.18
-180.80  428.86
-176.21  425.04
 -11.91  180.54
 -76.60  273.48
  -8.42  172.73
  56.97   66.30
  29.07  110.82
  92.85   18.86
  34.46  107.46
  80.67   33.65
  21.75  121.48
-123.91  348.94
  15.78  137.01
   8.05  154.80
  32.00  114.74
  24.17  117.92
-104.48  305.63
 -46.87  231.00
  31.92  110.98
 -28.16  205.01
  86.16   35.34
-148.53  381.79
  72.17   52.49
  25.67  117.89
-114.15  337.23
 -11.78  177.92
 -61.15  249.06
-161.17  399.47
 -35.18  221.87
  90.85   26.26
 -67.36  263.14
 -22.71  195.75
-166.71  412.34
-140.04  372.43
-151.11  386.70
-188.94  451.96
-118.18  336.08
-130.96  352.22
 -92.44  296.59
-159.70  405.46
  99.58   14.54
 -45.94  234.78
 -83.65  284.40
-125.04  348.32
 -90.57  286.79
 -80.28  285.15
  77.89   42.63
 -51.36  237.32
 -17.24  190.93
-198.56  456.47
 -23.68  197.68
  33.24  106.55
  -2.85  161.61
 -41.51  224.97
  47.73   87.34
  88.73   19.08
-105.88  316.13
  39.13  115.86
-114.45  334.14
-195.53  454.37
-171.76  415.59
-101.38  302.98
-108.33  323.17
-194.59  436.50
-151.34  382.39
 -66.80  252.93
  30.03  113.89
   4.38  158.80
  14.36  141.04
 -62.07  250.88
  75.78   38.20
  96.68   12.31
  79.78   34.40
 -61.54  254.46
  71.48   49.86
 -84.06  293.18
 -19.10  188.06
 -31.90  200.26
  53.75   79.77
-114.56  335.42
  -1.00  159.03
 -19.32  192.07
  -3.06  166.29
-107.02  322.45
-100.51  309.13
-143.54  374.67
-169.79  414.02
-114.03  330.40
 -93.55  293.05
 -39.27  218.82
  97.25    8.17
-191.55  447.96
  12.86  134.88
  71.55   59.49
  59.75   74.48
-164.25  403.68
  86.58   40.45
 -67.73  267.29
  62.73   70.17
  59.49   60.41
 -93.45  293.85
 -10.66  172.47
  59.36   69.31
-193.70  444.00
-176.95  428.71
 -86.99  287.86
-155.24  392.04
-189.77  441.91
  34.67  107.55
-101.83  319.60
  45.24   82.98
-147.91  377.06
   2.84  153.39
  62.68   68.75
  27.15  114.16
-131.11  354.04
 -92.32  301.99
 -91.05  290.44
-119.77  344.89
 -98.81  309.92
-173.91  423.72
 -64.53  256.72
 -63.60  250.41
-191.29  438.94
  -8.87  174.07
-182.16  436.82
-149.24  387.48
   5.40  151.46
 -33.63  218.69
-198.19  458.21
-113.57  328.35
 -87.02  291.05
-156.05  391.00
-177.64  429.90
 -61.78  260.45
 -88.88  298.52
  47.37   90.19
 -38.74  211.30
  45.25   88.93
 -61.89  254.84
-195.79  453.30
-198.51  464.67
-150.13  388.50
 -90.22  288.16
  15.46  139.97
-152.17  391.60
-116.37  343.31
  -6.52  170.20
-113.84  332.07
-103.42  307.25
-153.37  387.76
 -83.70  278.08
  68.72   56.18
  66.33   56.61
 -81.92  276.43
   2.64  156.02
-124.34  342.30
  85.00   38.84
 -12.60  190.03
-137.92  367.64
-167.10  412.07
 -30.25  195.58
-117.70  344.04
-178.65  424.86
-152.47  390.65
-185.14  436.71
   4.27  155.32
  34.53  107.78
  42.21   97.34
-120.48  335.41
  68.77   57.51
 -17.60  178.96
-195.68  452.98
 -96.79  306.10
 -39.90  218.46
 -11.67  179.14
 -65.98  263.39
  43.33   87.03
-156.55  387.55
  92.45   18.23
  50.13   86.95
 -97.97  308.68
 -15.13  180.92
-108.87  326.21
-173.23  430.25
 -43.54  219.92
  47.59   84.39
  29.18  107.08
  84.29   34.23
 -99.94  313.88
 -83.08  282.76
-154.88  397.76
 -99.89  308.68
 -33.90  212.06
 -34.91  217.44
-151.87  390.75
-164.87  408.89
 -80.43  287.78
  49.41   81.31
-144.50  374.43
 -49.76  236.13
-162.11  401.37
  59.39   68.10
  29.99  118.61
 -30.69  203.50
 -83.13  286.67
 -52.96  238.52
  66.07   58.71
  71.51   55.01
 -50.48  237.18
 -41.23  211.98
  72.91   48.94
 -26.42  194.24
  32.74  111.46
  -1.58  158.79
 -59.10  248.58
-134.07  367.37
 -19.22  197.34
-144.72  381.08
-140.75  363.13
  58.60   79.44
-162.31  408.83
  -6.33  170.76
 -68.80  275.36
 -16.22  182.02
  21.24  137.10
-109.02  317.99
-187.11  438.68
  50.65   78.16
 -89.21  296.62
  -1.60  164.22
  68.72   53.67
-117.77  329.62
  99.37   -2.54
  50.31   79.77
  37.40   96.72
  -3.02  167.83
 -36.90  220.73
 -84.00  275.98
  46.67   81.26
 -21.40  189.70
  34.49  113.00
  96.30   21.81
  36.48  112.64
  55.88   74.20
 -54.32  238.19
  62.13   61.64
 -99.85  312.52
-138.40  371.43
 -51.69  229.89
-190.64  445.26
  48.27   84.93
-120.72  344.09
   3.25  160.84
  38.16  108.76
   4.55  155.61
  -4.77  165.06
-128.80  350.81
 -56.78  239.30
  80.93   44.43
-127.67  347.01
-137.27  356.16
-118.26  333.25
  32.75  118.14
-100.58  312.13
 -19.08  186.78
-144.80  378.21
-173.76  422.59
-107.33  323.18
-130.74  355.20
  72.76   62.29
  81.07   43.69
-190.44  433.27
 -21.91  188.10
-186.85  440.12
 -72.53  271.28
 -43.53  223.86
  52.10   81.62
 -12.49  177.11
-123.44  338.58
  71.41   63.54
  30.19  113.73
 -31.20  218.42
  69.15   51.83
 -89.58  293.08
 -98.68  301.48
 -14.34  177.24
-173.93  425.41
 -87.35  294.80
-143.79  371.30
  43.16   96.02
  16.97  132.34
   2.40  160.53
  74.19   44.86
  46.29   98.35
 -35.38  205.32
-195.34  454.46
-171.59  409.83
 -45.57  224.73
  85.74   26.00
  52.92   88.37
  80.50   38.43
  92.02   23.59
 -88.24  285.15
-103.73  310.79
  34.97  109.28
-136.33  363.98
  87.75   31.68
  79.07   47.18
 -90.28  290.82
 -96.53  299.94
   7.80  150.57
  14.98  136.92
  40.10   99.91
 -21.90  188.42
-170.85  411.53
 -32.15  210.45
-187.07  448.41
  27.29  117.33
  -2.11  168.70
 -20.16  197.09
-131.90  363.21
  14.11  146.41
  17.35  135.77
 -96.73  297.03
-190.17  441.14
  53.08   79.60
  31.09  106.11
 -47.11  228.04
  12.09  148.24
  37.35  100.07
-100.80  312.21
  74.10   50.25
 -26.99  209.71
-113.63  329.18
-119.94  343.14
  67.05   53.26
 -90.17  290.87
-155.00  394.13
  83.90   36.77
  -4.75  164.76
  94.66   19.38
-141.85  369.41
  48.62   89.94
 -51.86  234.28
 -22.77  195.41
-186.53  441.56
 -30.66  213.16
  -9.94  169.36
 -50.57  236.92
-182.11  424.54
 -45.45  228.81
-184.04  439.98
  53.09   75.03
 -21.60  191.37
   7.31  155.18
  -5.83  177.03
 -12.97  179.46
  86.16   38.19
-146.92  379.58
 -57.53  241.92
  52.72   80.40
 -50.91  227.65
  28.72  112.79
-146.04  375.95
   7.49  155.66
  74.33   49.62
-151.20  397.02
 -71.57  269.58
-187.44  442.93
-132.28  357.30
  -0.15  155.77
  61.40   68.74
 -96.58  302.99
-191.82  439.95
  71.58   55.20
 -58.68  247.20
  73.14   51.60
-101.61  309.81
   7.33  152.43
-194.77  449.16
 -46.30  231.22
-100.46  314.02
 -99.17  308.12
  86.00   26.39
  25.15  123.47
 -99.82  315.12
 -10.15  164.34
 -75.34  273.57
 -27.05  201.28
  87.85   29.97
 -15.25  180.97
-154.83  393.93
  51.48   80.01
  17.85  134.50
-167.35  416.76
-151.59  386.94
-110.90  320.95
 -72.93  268.87
 -41.48  224.38
-117.47  334.86
  48.39   95.73
  37.84  101.04
-117.88  334.69
 -15.29  191.09
-169.53  415.80
   0.99  161.19
 -95.78  310.34
   0.85  155.45
-111.41  326.19
   4.13  158.15
 -81.87  278.82
 -82.45  284.88
-137.91  361.05
  17.36  136.51
  45.79  102.49
  77.94   42.28
 -45.76  226.63
-142.06  381.39
 -19.13  184.00
-140.55  368.94
 -76.88  275.16
